Model,TBS1052C
Firmware Version,v2015-08-04-prequal4ch70_v1.3

Point Format,Y
Horizontal Units,S
Horizontal Scale,0.001
Sample Interval,8e-07
Filter Frequency,2e+08
Record Length,20000
Gating,0.0% to 100.0%
Probe Attenuation,1
Vertical Units,V
Vertical Offset,0
Vertical Scale,5
Label,
TIME,CH2
-8.0000e-03,1.9
-7.9992e-03,1.9
-7.9984e-03,2.1
-7.9976e-03,1.9
-7.9968e-03,1.9
-7.9960e-03,2.1
-7.9952e-03,1.9
-7.9944e-03,1.9
-7.9936e-03,1.9
-7.9928e-03,1.9
-7.9920e-03,2.1
-7.9912e-03,1.9
-7.9904e-03,1.9
-7.9896e-03,2.1
-7.9888e-03,1.9
-7.9880e-03,2.1
-7.9872e-03,2.1
-7.9864e-03,1.9
-7.9856e-03,2.1
-7.9848e-03,2.1
-7.9840e-03,2.1
-7.9832e-03,1.9
-7.9824e-03,2.1
-7.9816e-03,2.1
-7.9808e-03,1.9
-7.9800e-03,2.1
-7.9792e-03,2.1
-7.9784e-03,2.1
-7.9776e-03,2.1
-7.9768e-03,2.1
-7.9760e-03,2.1
-7.9752e-03,2.1
-7.9744e-03,2.1
-7.9736e-03,2.1
-7.9728e-03,2.1
-7.9720e-03,2.1
-7.9712e-03,2.1
-7.9704e-03,2.1
-7.9696e-03,2.1
-7.9688e-03,2.1
-7.9680e-03,1.9
-7.9672e-03,2.1
-7.9664e-03,2.1
-7.9656e-03,2.1
-7.9648e-03,2.1
-7.9640e-03,2.1
-7.9632e-03,2.1
-7.9624e-03,2.1
-7.9616e-03,2.1
-7.9608e-03,2.1
-7.9600e-03,2.1
-7.9592e-03,2.1
-7.9584e-03,2.1
-7.9576e-03,2.1
-7.9568e-03,2.1
-7.9560e-03,2.1
-7.9552e-03,2.1
-7.9544e-03,2.1
-7.9536e-03,2.1
-7.9528e-03,2.1
-7.9520e-03,2.1
-7.9512e-03,2.1
-7.9504e-03,2.1
-7.9496e-03,2.1
-7.9488e-03,2.1
-7.9480e-03,2.1
-7.9472e-03,2.1
-7.9464e-03,2.1
-7.9456e-03,2.1
-7.9448e-03,2.1
-7.9440e-03,2.1
-7.9432e-03,2.3
-7.9424e-03,2.1
-7.9416e-03,2.1
-7.9408e-03,2.3
-7.9400e-03,2.1
-7.9392e-03,2.3
-7.9384e-03,2.1
-7.9376e-03,2.1
-7.9368e-03,2.1
-7.9360e-03,2.1
-7.9352e-03,2.1
-7.9344e-03,2.3
-7.9336e-03,2.1
-7.9328e-03,2.3
-7.9320e-03,2.1
-7.9312e-03,2.1
-7.9304e-03,2.3
-7.9296e-03,2.1
-7.9288e-03,2.1
-7.9280e-03,2.1
-7.9272e-03,2.3
-7.9264e-03,2.3
-7.9256e-03,2.1
-7.9248e-03,2.1
-7.9240e-03,2.3
-7.9232e-03,2.1
-7.9224e-03,2.3
-7.9216e-03,2.3
-7.9208e-03,2.3
-7.9200e-03,2.3
-7.9192e-03,2.3
-7.9184e-03,2.3
-7.9176e-03,2.3
-7.9168e-03,2.1
-7.9160e-03,2.3
-7.9152e-03,2.3
-7.9144e-03,2.3
-7.9136e-03,2.3
-7.9128e-03,2.3
-7.9120e-03,2.3
-7.9112e-03,2.1
-7.9104e-03,2.1
-7.9096e-03,2.3
-7.9088e-03,2.3
-7.9080e-03,2.3
-7.9072e-03,2.3
-7.9064e-03,2.3
-7.9056e-03,2.3
-7.9048e-03,2.3
-7.9040e-03,2.3
-7.9032e-03,2.3
-7.9024e-03,2.3
-7.9016e-03,2.3
-7.9008e-03,2.3
-7.9000e-03,2.3
-7.8992e-03,2.3
-7.8984e-03,2.3
-7.8976e-03,2.3
-7.8968e-03,2.3
-7.8960e-03,2.3
-7.8952e-03,2.3
-7.8944e-03,2.3
-7.8936e-03,2.3
-7.8928e-03,2.3
-7.8920e-03,2.3
-7.8912e-03,2.3
-7.8904e-03,2.3
-7.8896e-03,2.3
-7.8888e-03,2.3
-7.8880e-03,2.3
-7.8872e-03,2.3
-7.8864e-03,2.3
-7.8856e-03,2.3
-7.8848e-03,2.3
-7.8840e-03,2.3
-7.8832e-03,2.3
-7.8824e-03,2.3
-7.8816e-03,2.3
-7.8808e-03,2.3
-7.8800e-03,2.3
-7.8792e-03,2.3
-7.8784e-03,2.3
-7.8776e-03,2.3
-7.8768e-03,2.3
-7.8760e-03,2.3
-7.8752e-03,2.3
-7.8744e-03,2.3
-7.8736e-03,2.3
-7.8728e-03,2.3
-7.8720e-03,2.3
-7.8712e-03,2.3
-7.8704e-03,2.3
-7.8696e-03,2.3
-7.8688e-03,2.3
-7.8680e-03,2.3
-7.8672e-03,2.3
-7.8664e-03,2.5
-7.8656e-03,2.3
-7.8648e-03,2.3
-7.8640e-03,2.3
-7.8632e-03,2.3
-7.8624e-03,2.3
-7.8616e-03,2.3
-7.8608e-03,2.3
-7.8600e-03,2.3
-7.8592e-03,2.3
-7.8584e-03,2.3
-7.8576e-03,2.3
-7.8568e-03,2.3
-7.8560e-03,2.3
-7.8552e-03,2.3
-7.8544e-03,2.3
-7.8536e-03,2.3
-7.8528e-03,2.3
-7.8520e-03,2.3
-7.8512e-03,2.3
-7.8504e-03,2.3
-7.8496e-03,2.3
-7.8488e-03,2.3
-7.8480e-03,2.3
-7.8472e-03,2.3
-7.8464e-03,2.3
-7.8456e-03,2.3
-7.8448e-03,2.3
-7.8440e-03,2.3
-7.8432e-03,2.3
-7.8424e-03,2.3
-7.8416e-03,2.5
-7.8408e-03,2.5
-7.8400e-03,2.3
-7.8392e-03,2.3
-7.8384e-03,2.3
-7.8376e-03,2.3
-7.8368e-03,2.5
-7.8360e-03,2.3
-7.8352e-03,2.5
-7.8344e-03,2.3
-7.8336e-03,2.5
-7.8328e-03,2.3
-7.8320e-03,2.3
-7.8312e-03,2.5
-7.8304e-03,2.5
-7.8296e-03,2.3
-7.8288e-03,2.5
-7.8280e-03,2.5
-7.8272e-03,2.5
-7.8264e-03,2.5
-7.8256e-03,2.3
-7.8248e-03,2.5
-7.8240e-03,2.3
-7.8232e-03,2.3
-7.8224e-03,2.5
-7.8216e-03,2.3
-7.8208e-03,2.5
-7.8200e-03,2.5
-7.8192e-03,2.5
-7.8184e-03,2.5
-7.8176e-03,2.5
-7.8168e-03,2.3
-7.8160e-03,2.5
-7.8152e-03,2.5
-7.8144e-03,2.3
-7.8136e-03,2.5
-7.8128e-03,2.5
-7.8120e-03,2.5
-7.8112e-03,2.5
-7.8104e-03,2.5
-7.8096e-03,2.5
-7.8088e-03,2.5
-7.8080e-03,2.5
-7.8072e-03,2.5
-7.8064e-03,2.5
-7.8056e-03,2.5
-7.8048e-03,2.5
-7.8040e-03,2.5
-7.8032e-03,2.5
-7.8024e-03,2.5
-7.8016e-03,2.5
-7.8008e-03,2.5
-7.8000e-03,2.5
-7.7992e-03,2.5
-7.7984e-03,2.5
-7.7976e-03,2.5
-7.7968e-03,2.5
-7.7960e-03,2.5
-7.7952e-03,2.5
-7.7944e-03,2.5
-7.7936e-03,2.5
-7.7928e-03,2.5
-7.7920e-03,2.5
-7.7912e-03,2.5
-7.7904e-03,2.5
-7.7896e-03,2.5
-7.7888e-03,2.5
-7.7880e-03,2.5
-7.7872e-03,2.5
-7.7864e-03,2.5
-7.7856e-03,2.5
-7.7848e-03,2.5
-7.7840e-03,2.5
-7.7832e-03,2.5
-7.7824e-03,2.5
-7.7816e-03,2.5
-7.7808e-03,2.5
-7.7800e-03,2.5
-7.7792e-03,2.5
-7.7784e-03,2.5
-7.7776e-03,2.5
-7.7768e-03,2.5
-7.7760e-03,2.5
-7.7752e-03,2.5
-7.7744e-03,2.5
-7.7736e-03,2.5
-7.7728e-03,2.5
-7.7720e-03,2.5
-7.7712e-03,2.5
-7.7704e-03,2.5
-7.7696e-03,2.5
-7.7688e-03,2.5
-7.7680e-03,2.5
-7.7672e-03,2.5
-7.7664e-03,2.5
-7.7656e-03,2.5
-7.7648e-03,2.5
-7.7640e-03,2.5
-7.7632e-03,2.5
-7.7624e-03,2.5
-7.7616e-03,2.5
-7.7608e-03,2.5
-7.7600e-03,2.5
-7.7592e-03,2.5
-7.7584e-03,2.5
-7.7576e-03,2.5
-7.7568e-03,2.5
-7.7560e-03,2.5
-7.7552e-03,2.5
-7.7544e-03,2.5
-7.7536e-03,2.5
-7.7528e-03,2.5
-7.7520e-03,2.5
-7.7512e-03,2.5
-7.7504e-03,2.5
-7.7496e-03,2.5
-7.7488e-03,2.5
-7.7480e-03,2.5
-7.7472e-03,2.5
-7.7464e-03,2.5
-7.7456e-03,2.5
-7.7448e-03,2.5
-7.7440e-03,2.5
-7.7432e-03,2.5
-7.7424e-03,2.7
-7.7416e-03,2.5
-7.7408e-03,2.7
-7.7400e-03,2.7
-7.7392e-03,2.7
-7.7384e-03,2.7
-7.7376e-03,2.5
-7.7368e-03,2.7
-7.7360e-03,2.7
-7.7352e-03,2.7
-7.7344e-03,2.5
-7.7336e-03,2.7
-7.7328e-03,2.5
-7.7320e-03,2.7
-7.7312e-03,2.7
-7.7304e-03,2.5
-7.7296e-03,2.7
-7.7288e-03,2.7
-7.7280e-03,2.5
-7.7272e-03,2.7
-7.7264e-03,2.7
-7.7256e-03,2.7
-7.7248e-03,2.5
-7.7240e-03,2.5
-7.7232e-03,2.7
-7.7224e-03,2.7
-7.7216e-03,2.7
-7.7208e-03,2.7
-7.7200e-03,2.7
-7.7192e-03,2.7
-7.7184e-03,2.5
-7.7176e-03,2.7
-7.7168e-03,2.7
-7.7160e-03,2.7
-7.7152e-03,2.5
-7.7144e-03,2.7
-7.7136e-03,2.5
-7.7128e-03,2.5
-7.7120e-03,2.5
-7.7112e-03,2.7
-7.7104e-03,2.7
-7.7096e-03,2.7
-7.7088e-03,2.5
-7.7080e-03,2.5
-7.7072e-03,2.7
-7.7064e-03,2.5
-7.7056e-03,2.5
-7.7048e-03,2.5
-7.7040e-03,2.5
-7.7032e-03,2.7
-7.7024e-03,2.7
-7.7016e-03,2.7
-7.7008e-03,2.7
-7.7000e-03,2.7
-7.6992e-03,2.5
-7.6984e-03,2.5
-7.6976e-03,2.5
-7.6968e-03,2.7
-7.6960e-03,2.7
-7.6952e-03,2.7
-7.6944e-03,2.7
-7.6936e-03,2.5
-7.6928e-03,2.7
-7.6920e-03,2.7
-7.6912e-03,2.7
-7.6904e-03,2.7
-7.6896e-03,2.7
-7.6888e-03,2.7
-7.6880e-03,2.5
-7.6872e-03,2.7
-7.6864e-03,2.7
-7.6856e-03,2.7
-7.6848e-03,2.7
-7.6840e-03,2.7
-7.6832e-03,2.7
-7.6824e-03,2.7
-7.6816e-03,2.7
-7.6808e-03,2.7
-7.6800e-03,2.7
-7.6792e-03,2.7
-7.6784e-03,2.7
-7.6776e-03,2.7
-7.6768e-03,2.7
-7.6760e-03,2.7
-7.6752e-03,2.7
-7.6744e-03,2.7
-7.6736e-03,2.7
-7.6728e-03,2.7
-7.6720e-03,2.7
-7.6712e-03,2.7
-7.6704e-03,2.7
-7.6696e-03,2.7
-7.6688e-03,2.7
-7.6680e-03,2.7
-7.6672e-03,2.7
-7.6664e-03,2.7
-7.6656e-03,2.7
-7.6648e-03,2.7
-7.6640e-03,2.7
-7.6632e-03,2.7
-7.6624e-03,2.7
-7.6616e-03,2.7
-7.6608e-03,2.7
-7.6600e-03,2.7
-7.6592e-03,2.7
-7.6584e-03,2.7
-7.6576e-03,2.7
-7.6568e-03,2.7
-7.6560e-03,2.7
-7.6552e-03,2.7
-7.6544e-03,2.7
-7.6536e-03,2.7
-7.6528e-03,2.7
-7.6520e-03,2.7
-7.6512e-03,2.7
-7.6504e-03,2.7
-7.6496e-03,2.7
-7.6488e-03,2.7
-7.6480e-03,2.7
-7.6472e-03,2.7
-7.6464e-03,2.7
-7.6456e-03,2.7
-7.6448e-03,2.7
-7.6440e-03,2.7
-7.6432e-03,2.7
-7.6424e-03,2.7
-7.6416e-03,2.7
-7.6408e-03,2.7
-7.6400e-03,2.7
-7.6392e-03,2.7
-7.6384e-03,2.7
-7.6376e-03,2.7
-7.6368e-03,2.7
-7.6360e-03,2.7
-7.6352e-03,2.7
-7.6344e-03,2.7
-7.6336e-03,2.7
-7.6328e-03,2.7
-7.6320e-03,2.7
-7.6312e-03,2.7
-7.6304e-03,2.7
-7.6296e-03,2.7
-7.6288e-03,2.7
-7.6280e-03,2.7
-7.6272e-03,2.7
-7.6264e-03,2.7
-7.6256e-03,2.7
-7.6248e-03,2.7
-7.6240e-03,2.7
-7.6232e-03,2.7
-7.6224e-03,2.7
-7.6216e-03,2.7
-7.6208e-03,2.7
-7.6200e-03,2.7
-7.6192e-03,2.7
-7.6184e-03,2.7
-7.6176e-03,2.7
-7.6168e-03,2.7
-7.6160e-03,2.7
-7.6152e-03,2.7
-7.6144e-03,2.7
-7.6136e-03,2.7
-7.6128e-03,2.7
-7.6120e-03,2.7
-7.6112e-03,2.7
-7.6104e-03,2.7
-7.6096e-03,2.7
-7.6088e-03,2.7
-7.6080e-03,2.7
-7.6072e-03,2.7
-7.6064e-03,2.7
-7.6056e-03,2.7
-7.6048e-03,2.7
-7.6040e-03,2.7
-7.6032e-03,2.7
-7.6024e-03,2.7
-7.6016e-03,2.7
-7.6008e-03,2.7
-7.6000e-03,2.7
-7.5992e-03,2.7
-7.5984e-03,2.7
-7.5976e-03,2.7
-7.5968e-03,2.9
-7.5960e-03,2.7
-7.5952e-03,2.7
-7.5944e-03,2.7
-7.5936e-03,2.7
-7.5928e-03,2.7
-7.5920e-03,2.7
-7.5912e-03,2.7
-7.5904e-03,2.7
-7.5896e-03,2.7
-7.5888e-03,2.9
-7.5880e-03,2.7
-7.5872e-03,2.7
-7.5864e-03,2.7
-7.5856e-03,2.7
-7.5848e-03,2.7
-7.5840e-03,2.7
-7.5832e-03,2.7
-7.5824e-03,2.7
-7.5816e-03,2.7
-7.5808e-03,2.7
-7.5800e-03,2.7
-7.5792e-03,2.7
-7.5784e-03,2.7
-7.5776e-03,2.7
-7.5768e-03,2.7
-7.5760e-03,2.7
-7.5752e-03,2.7
-7.5744e-03,2.7
-7.5736e-03,2.7
-7.5728e-03,2.7
-7.5720e-03,2.7
-7.5712e-03,2.7
-7.5704e-03,2.7
-7.5696e-03,2.7
-7.5688e-03,2.9
-7.5680e-03,2.7
-7.5672e-03,2.9
-7.5664e-03,2.7
-7.5656e-03,2.7
-7.5648e-03,2.7
-7.5640e-03,2.7
-7.5632e-03,2.7
-7.5624e-03,2.7
-7.5616e-03,2.7
-7.5608e-03,2.7
-7.5600e-03,2.7
-7.5592e-03,2.7
-7.5584e-03,2.7
-7.5576e-03,2.7
-7.5568e-03,2.7
-7.5560e-03,2.7
-7.5552e-03,2.7
-7.5544e-03,2.7
-7.5536e-03,2.7
-7.5528e-03,2.7
-7.5520e-03,2.7
-7.5512e-03,2.7
-7.5504e-03,2.7
-7.5496e-03,2.7
-7.5488e-03,2.7
-7.5480e-03,2.7
-7.5472e-03,2.7
-7.5464e-03,2.7
-7.5456e-03,2.7
-7.5448e-03,2.7
-7.5440e-03,2.7
-7.5432e-03,2.7
-7.5424e-03,2.7
-7.5416e-03,2.7
-7.5408e-03,2.7
-7.5400e-03,2.7
-7.5392e-03,2.7
-7.5384e-03,2.7
-7.5376e-03,2.7
-7.5368e-03,2.7
-7.5360e-03,2.7
-7.5352e-03,2.7
-7.5344e-03,2.7
-7.5336e-03,2.7
-7.5328e-03,2.7
-7.5320e-03,2.7
-7.5312e-03,2.7
-7.5304e-03,2.7
-7.5296e-03,2.7
-7.5288e-03,2.7
-7.5280e-03,2.7
-7.5272e-03,2.7
-7.5264e-03,2.7
-7.5256e-03,2.7
-7.5248e-03,2.7
-7.5240e-03,2.7
-7.5232e-03,2.7
-7.5224e-03,2.7
-7.5216e-03,2.7
-7.5208e-03,2.7
-7.5200e-03,2.7
-7.5192e-03,2.7
-7.5184e-03,2.7
-7.5176e-03,2.7
-7.5168e-03,2.7
-7.5160e-03,2.7
-7.5152e-03,2.7
-7.5144e-03,2.7
-7.5136e-03,2.7
-7.5128e-03,2.7
-7.5120e-03,2.7
-7.5112e-03,2.7
-7.5104e-03,2.7
-7.5096e-03,2.7
-7.5088e-03,2.7
-7.5080e-03,2.7
-7.5072e-03,2.7
-7.5064e-03,2.7
-7.5056e-03,2.7
-7.5048e-03,2.7
-7.5040e-03,2.7
-7.5032e-03,2.7
-7.5024e-03,2.7
-7.5016e-03,2.7
-7.5008e-03,2.7
-7.5000e-03,2.7
-7.4992e-03,2.7
-7.4984e-03,2.7
-7.4976e-03,2.7
-7.4968e-03,2.7
-7.4960e-03,2.7
-7.4952e-03,2.7
-7.4944e-03,2.7
-7.4936e-03,2.7
-7.4928e-03,2.7
-7.4920e-03,2.7
-7.4912e-03,2.7
-7.4904e-03,2.7
-7.4896e-03,2.7
-7.4888e-03,2.7
-7.4880e-03,2.7
-7.4872e-03,2.7
-7.4864e-03,2.7
-7.4856e-03,2.7
-7.4848e-03,2.7
-7.4840e-03,2.7
-7.4832e-03,2.7
-7.4824e-03,2.7
-7.4816e-03,2.7
-7.4808e-03,2.7
-7.4800e-03,2.7
-7.4792e-03,2.7
-7.4784e-03,2.7
-7.4776e-03,2.7
-7.4768e-03,2.7
-7.4760e-03,2.7
-7.4752e-03,2.7
-7.4744e-03,2.7
-7.4736e-03,2.7
-7.4728e-03,2.7
-7.4720e-03,2.7
-7.4712e-03,2.7
-7.4704e-03,2.7
-7.4696e-03,2.7
-7.4688e-03,2.7
-7.4680e-03,2.7
-7.4672e-03,2.7
-7.4664e-03,2.7
-7.4656e-03,2.7
-7.4648e-03,2.7
-7.4640e-03,2.5
-7.4632e-03,2.7
-7.4624e-03,2.7
-7.4616e-03,2.7
-7.4608e-03,2.7
-7.4600e-03,2.7
-7.4592e-03,2.7
-7.4584e-03,2.5
-7.4576e-03,2.7
-7.4568e-03,2.7
-7.4560e-03,2.7
-7.4552e-03,2.5
-7.4544e-03,2.7
-7.4536e-03,2.7
-7.4528e-03,2.7
-7.4520e-03,2.7
-7.4512e-03,2.5
-7.4504e-03,2.7
-7.4496e-03,2.5
-7.4488e-03,2.5
-7.4480e-03,2.7
-7.4472e-03,2.7
-7.4464e-03,2.5
-7.4456e-03,2.7
-7.4448e-03,2.7
-7.4440e-03,2.7
-7.4432e-03,2.7
-7.4424e-03,2.7
-7.4416e-03,2.7
-7.4408e-03,2.7
-7.4400e-03,2.7
-7.4392e-03,2.7
-7.4384e-03,2.7
-7.4376e-03,2.7
-7.4368e-03,2.7
-7.4360e-03,2.7
-7.4352e-03,2.7
-7.4344e-03,2.5
-7.4336e-03,2.7
-7.4328e-03,2.7
-7.4320e-03,2.7
-7.4312e-03,2.5
-7.4304e-03,2.7
-7.4296e-03,2.7
-7.4288e-03,2.5
-7.4280e-03,2.7
-7.4272e-03,2.5
-7.4264e-03,2.5
-7.4256e-03,2.5
-7.4248e-03,2.5
-7.4240e-03,2.5
-7.4232e-03,2.5
-7.4224e-03,2.7
-7.4216e-03,2.7
-7.4208e-03,2.7
-7.4200e-03,2.7
-7.4192e-03,2.7
-7.4184e-03,2.7
-7.4176e-03,2.5
-7.4168e-03,2.7
-7.4160e-03,2.7
-7.4152e-03,2.7
-7.4144e-03,2.5
-7.4136e-03,2.7
-7.4128e-03,2.7
-7.4120e-03,2.7
-7.4112e-03,2.7
-7.4104e-03,2.5
-7.4096e-03,2.5
-7.4088e-03,2.5
-7.4080e-03,2.5
-7.4072e-03,2.5
-7.4064e-03,2.7
-7.4056e-03,2.5
-7.4048e-03,2.5
-7.4040e-03,2.5
-7.4032e-03,2.5
-7.4024e-03,2.5
-7.4016e-03,2.5
-7.4008e-03,2.5
-7.4000e-03,2.5
-7.3992e-03,2.5
-7.3984e-03,2.5
-7.3976e-03,2.5
-7.3968e-03,2.5
-7.3960e-03,2.5
-7.3952e-03,2.5
-7.3944e-03,2.5
-7.3936e-03,2.5
-7.3928e-03,2.5
-7.3920e-03,2.5
-7.3912e-03,2.5
-7.3904e-03,2.5
-7.3896e-03,2.5
-7.3888e-03,2.5
-7.3880e-03,2.5
-7.3872e-03,2.5
-7.3864e-03,2.5
-7.3856e-03,2.5
-7.3848e-03,2.5
-7.3840e-03,2.5
-7.3832e-03,2.5
-7.3824e-03,2.5
-7.3816e-03,2.5
-7.3808e-03,2.5
-7.3800e-03,2.5
-7.3792e-03,2.5
-7.3784e-03,2.5
-7.3776e-03,2.5
-7.3768e-03,2.5
-7.3760e-03,2.5
-7.3752e-03,2.5
-7.3744e-03,2.5
-7.3736e-03,2.5
-7.3728e-03,2.5
-7.3720e-03,2.5
-7.3712e-03,2.5
-7.3704e-03,2.5
-7.3696e-03,2.5
-7.3688e-03,2.5
-7.3680e-03,2.5
-7.3672e-03,2.5
-7.3664e-03,2.5
-7.3656e-03,2.5
-7.3648e-03,2.5
-7.3640e-03,2.5
-7.3632e-03,2.5
-7.3624e-03,2.5
-7.3616e-03,2.5
-7.3608e-03,2.5
-7.3600e-03,2.5
-7.3592e-03,2.5
-7.3584e-03,2.5
-7.3576e-03,2.5
-7.3568e-03,2.5
-7.3560e-03,2.5
-7.3552e-03,2.5
-7.3544e-03,2.5
-7.3536e-03,2.5
-7.3528e-03,2.5
-7.3520e-03,2.5
-7.3512e-03,2.5
-7.3504e-03,2.5
-7.3496e-03,2.5
-7.3488e-03,2.5
-7.3480e-03,2.5
-7.3472e-03,2.5
-7.3464e-03,2.5
-7.3456e-03,2.5
-7.3448e-03,2.5
-7.3440e-03,2.5
-7.3432e-03,2.5
-7.3424e-03,2.5
-7.3416e-03,2.5
-7.3408e-03,2.5
-7.3400e-03,2.5
-7.3392e-03,2.5
-7.3384e-03,2.5
-7.3376e-03,2.5
-7.3368e-03,2.5
-7.3360e-03,2.3
-7.3352e-03,2.5
-7.3344e-03,2.5
-7.3336e-03,2.3
-7.3328e-03,2.5
-7.3320e-03,2.5
-7.3312e-03,2.3
-7.3304e-03,2.5
-7.3296e-03,2.5
-7.3288e-03,2.5
-7.3280e-03,2.3
-7.3272e-03,2.5
-7.3264e-03,2.5
-7.3256e-03,2.5
-7.3248e-03,2.5
-7.3240e-03,2.3
-7.3232e-03,2.3
-7.3224e-03,2.3
-7.3216e-03,2.5
-7.3208e-03,2.3
-7.3200e-03,2.3
-7.3192e-03,2.5
-7.3184e-03,2.5
-7.3176e-03,2.3
-7.3168e-03,2.5
-7.3160e-03,2.3
-7.3152e-03,2.5
-7.3144e-03,2.5
-7.3136e-03,2.5
-7.3128e-03,2.3
-7.3120e-03,2.3
-7.3112e-03,2.3
-7.3104e-03,2.3
-7.3096e-03,2.3
-7.3088e-03,2.5
-7.3080e-03,2.3
-7.3072e-03,2.3
-7.3064e-03,2.3
-7.3056e-03,2.3
-7.3048e-03,2.3
-7.3040e-03,2.3
-7.3032e-03,2.3
-7.3024e-03,2.3
-7.3016e-03,2.5
-7.3008e-03,2.3
-7.3000e-03,2.3
-7.2992e-03,2.5
-7.2984e-03,2.3
-7.2976e-03,2.5
-7.2968e-03,2.3
-7.2960e-03,2.3
-7.2952e-03,2.3
-7.2944e-03,2.3
-7.2936e-03,2.3
-7.2928e-03,2.3
-7.2920e-03,2.3
-7.2912e-03,2.3
-7.2904e-03,2.3
-7.2896e-03,2.3
-7.2888e-03,2.5
-7.2880e-03,2.3
-7.2872e-03,2.3
-7.2864e-03,2.3
-7.2856e-03,2.3
-7.2848e-03,2.3
-7.2840e-03,2.3
-7.2832e-03,2.3
-7.2824e-03,2.3
-7.2816e-03,2.3
-7.2808e-03,2.3
-7.2800e-03,2.3
-7.2792e-03,2.3
-7.2784e-03,2.3
-7.2776e-03,2.3
-7.2768e-03,2.3
-7.2760e-03,2.3
-7.2752e-03,2.3
-7.2744e-03,2.3
-7.2736e-03,2.3
-7.2728e-03,2.3
-7.2720e-03,2.3
-7.2712e-03,2.3
-7.2704e-03,2.3
-7.2696e-03,2.3
-7.2688e-03,2.3
-7.2680e-03,2.3
-7.2672e-03,2.3
-7.2664e-03,2.3
-7.2656e-03,2.3
-7.2648e-03,2.3
-7.2640e-03,2.3
-7.2632e-03,2.3
-7.2624e-03,2.3
-7.2616e-03,2.3
-7.2608e-03,2.3
-7.2600e-03,2.3
-7.2592e-03,2.3
-7.2584e-03,2.3
-7.2576e-03,2.3
-7.2568e-03,2.3
-7.2560e-03,2.3
-7.2552e-03,2.3
-7.2544e-03,2.3
-7.2536e-03,2.3
-7.2528e-03,2.3
-7.2520e-03,2.3
-7.2512e-03,2.3
-7.2504e-03,2.3
-7.2496e-03,2.3
-7.2488e-03,2.3
-7.2480e-03,2.3
-7.2472e-03,2.3
-7.2464e-03,2.3
-7.2456e-03,2.3
-7.2448e-03,2.1
-7.2440e-03,2.1
-7.2432e-03,2.1
-7.2424e-03,2.3
-7.2416e-03,2.3
-7.2408e-03,2.1
-7.2400e-03,2.3
-7.2392e-03,2.3
-7.2384e-03,2.1
-7.2376e-03,2.1
-7.2368e-03,2.3
-7.2360e-03,2.3
-7.2352e-03,2.3
-7.2344e-03,2.1
-7.2336e-03,2.3
-7.2328e-03,2.3
-7.2320e-03,2.1
-7.2312e-03,2.3
-7.2304e-03,2.1
-7.2296e-03,2.1
-7.2288e-03,2.1
-7.2280e-03,2.1
-7.2272e-03,2.3
-7.2264e-03,2.1
-7.2256e-03,2.1
-7.2248e-03,2.3
-7.2240e-03,2.3
-7.2232e-03,2.1
-7.2224e-03,2.3
-7.2216e-03,2.1
-7.2208e-03,2.3
-7.2200e-03,2.1
-7.2192e-03,2.1
-7.2184e-03,2.1
-7.2176e-03,2.1
-7.2168e-03,2.1
-7.2160e-03,2.1
-7.2152e-03,2.1
-7.2144e-03,2.1
-7.2136e-03,2.1
-7.2128e-03,2.1
-7.2120e-03,2.1
-7.2112e-03,2.1
-7.2104e-03,2.1
-7.2096e-03,2.1
-7.2088e-03,2.1
-7.2080e-03,2.1
-7.2072e-03,2.1
-7.2064e-03,2.1
-7.2056e-03,2.1
-7.2048e-03,2.1
-7.2040e-03,2.1
-7.2032e-03,2.1
-7.2024e-03,2.1
-7.2016e-03,2.1
-7.2008e-03,2.1
-7.2000e-03,2.1
-7.1992e-03,2.1
-7.1984e-03,2.1
-7.1976e-03,2.1
-7.1968e-03,2.1
-7.1960e-03,2.1
-7.1952e-03,2.1
-7.1944e-03,2.1
-7.1936e-03,2.1
-7.1928e-03,2.1
-7.1920e-03,2.1
-7.1912e-03,2.1
-7.1904e-03,2.1
-7.1896e-03,2.1
-7.1888e-03,2.1
-7.1880e-03,2.1
-7.1872e-03,2.1
-7.1864e-03,2.1
-7.1856e-03,2.1
-7.1848e-03,2.1
-7.1840e-03,2.1
-7.1832e-03,2.1
-7.1824e-03,2.1
-7.1816e-03,2.1
-7.1808e-03,2.1
-7.1800e-03,2.1
-7.1792e-03,2.1
-7.1784e-03,2.1
-7.1776e-03,2.1
-7.1768e-03,2.1
-7.1760e-03,2.1
-7.1752e-03,2.1
-7.1744e-03,2.1
-7.1736e-03,2.1
-7.1728e-03,2.1
-7.1720e-03,2.1
-7.1712e-03,2.1
-7.1704e-03,2.1
-7.1696e-03,2.1
-7.1688e-03,1.9
-7.1680e-03,2.1
-7.1672e-03,2.1
-7.1664e-03,1.9
-7.1656e-03,2.1
-7.1648e-03,2.1
-7.1640e-03,1.9
-7.1632e-03,1.9
-7.1624e-03,2.1
-7.1616e-03,2.1
-7.1608e-03,2.1
-7.1600e-03,2.1
-7.1592e-03,2.1
-7.1584e-03,1.9
-7.1576e-03,1.9
-7.1568e-03,1.9
-7.1560e-03,1.9
-7.1552e-03,2.1
-7.1544e-03,1.9
-7.1536e-03,1.9
-7.1528e-03,1.9
-7.1520e-03,1.9
-7.1512e-03,1.9
-7.1504e-03,1.9
-7.1496e-03,1.9
-7.1488e-03,1.9
-7.1480e-03,1.9
-7.1472e-03,1.9
-7.1464e-03,1.9
-7.1456e-03,1.9
-7.1448e-03,1.9
-7.1440e-03,1.9
-7.1432e-03,1.9
-7.1424e-03,1.9
-7.1416e-03,1.9
-7.1408e-03,1.9
-7.1400e-03,1.9
-7.1392e-03,1.9
-7.1384e-03,1.9
-7.1376e-03,1.9
-7.1368e-03,1.9
-7.1360e-03,1.9
-7.1352e-03,1.9
-7.1344e-03,1.9
-7.1336e-03,1.9
-7.1328e-03,1.9
-7.1320e-03,1.9
-7.1312e-03,1.9
-7.1304e-03,1.9
-7.1296e-03,1.9
-7.1288e-03,1.9
-7.1280e-03,1.9
-7.1272e-03,1.9
-7.1264e-03,1.9
-7.1256e-03,1.9
-7.1248e-03,1.9
-7.1240e-03,1.9
-7.1232e-03,1.9
-7.1224e-03,1.9
-7.1216e-03,1.9
-7.1208e-03,1.9
-7.1200e-03,1.9
-7.1192e-03,1.9
-7.1184e-03,1.9
-7.1176e-03,1.9
-7.1168e-03,1.9
-7.1160e-03,1.9
-7.1152e-03,1.9
-7.1144e-03,1.9
-7.1136e-03,1.9
-7.1128e-03,1.9
-7.1120e-03,1.9
-7.1112e-03,1.7
-7.1104e-03,1.7
-7.1096e-03,1.9
-7.1088e-03,1.9
-7.1080e-03,1.9
-7.1072e-03,1.9
-7.1064e-03,1.7
-7.1056e-03,1.9
-7.1048e-03,1.9
-7.1040e-03,1.9
-7.1032e-03,1.7
-7.1024e-03,1.9
-7.1016e-03,1.7
-7.1008e-03,1.9
-7.1000e-03,1.9
-7.0992e-03,1.9
-7.0984e-03,1.7
-7.0976e-03,1.7
-7.0968e-03,1.7
-7.0960e-03,1.9
-7.0952e-03,1.9
-7.0944e-03,1.7
-7.0936e-03,1.7
-7.0928e-03,1.9
-7.0920e-03,1.7
-7.0912e-03,1.7
-7.0904e-03,1.7
-7.0896e-03,1.7
-7.0888e-03,1.9
-7.0880e-03,1.7
-7.0872e-03,1.7
-7.0864e-03,1.7
-7.0856e-03,1.7
-7.0848e-03,1.7
-7.0840e-03,1.7
-7.0832e-03,1.7
-7.0824e-03,1.7
-7.0816e-03,1.7
-7.0808e-03,1.7
-7.0800e-03,1.7
-7.0792e-03,1.7
-7.0784e-03,1.7
-7.0776e-03,1.7
-7.0768e-03,1.7
-7.0760e-03,1.7
-7.0752e-03,1.7
-7.0744e-03,1.7
-7.0736e-03,1.7
-7.0728e-03,1.7
-7.0720e-03,1.7
-7.0712e-03,1.7
-7.0704e-03,1.7
-7.0696e-03,1.7
-7.0688e-03,1.7
-7.0680e-03,1.7
-7.0672e-03,1.7
-7.0664e-03,1.7
-7.0656e-03,1.7
-7.0648e-03,1.7
-7.0640e-03,1.7
-7.0632e-03,1.7
-7.0624e-03,1.7
-7.0616e-03,1.7
-7.0608e-03,1.7
-7.0600e-03,1.7
-7.0592e-03,1.7
-7.0584e-03,1.7
-7.0576e-03,1.7
-7.0568e-03,1.7
-7.0560e-03,1.7
-7.0552e-03,1.7
-7.0544e-03,1.7
-7.0536e-03,1.7
-7.0528e-03,1.7
-7.0520e-03,1.5
-7.0512e-03,1.7
-7.0504e-03,1.7
-7.0496e-03,1.7
-7.0488e-03,1.7
-7.0480e-03,1.7
-7.0472e-03,1.5
-7.0464e-03,1.7
-7.0456e-03,1.7
-7.0448e-03,1.5
-7.0440e-03,1.7
-7.0432e-03,1.7
-7.0424e-03,1.5
-7.0416e-03,1.7
-7.0408e-03,1.5
-7.0400e-03,1.7
-7.0392e-03,1.5
-7.0384e-03,1.7
-7.0376e-03,1.5
-7.0368e-03,1.5
-7.0360e-03,1.5
-7.0352e-03,1.7
-7.0344e-03,1.7
-7.0336e-03,1.5
-7.0328e-03,1.7
-7.0320e-03,1.7
-7.0312e-03,1.5
-7.0304e-03,1.5
-7.0296e-03,1.5
-7.0288e-03,1.5
-7.0280e-03,1.5
-7.0272e-03,1.5
-7.0264e-03,1.5
-7.0256e-03,1.5
-7.0248e-03,1.5
-7.0240e-03,1.5
-7.0232e-03,1.5
-7.0224e-03,1.5
-7.0216e-03,1.5
-7.0208e-03,1.5
-7.0200e-03,1.5
-7.0192e-03,1.5
-7.0184e-03,1.5
-7.0176e-03,1.5
-7.0168e-03,1.5
-7.0160e-03,1.5
-7.0152e-03,1.5
-7.0144e-03,1.5
-7.0136e-03,1.5
-7.0128e-03,1.5
-7.0120e-03,1.5
-7.0112e-03,1.5
-7.0104e-03,1.5
-7.0096e-03,1.5
-7.0088e-03,1.5
-7.0080e-03,1.5
-7.0072e-03,1.5
-7.0064e-03,1.5
-7.0056e-03,1.5
-7.0048e-03,1.5
-7.0040e-03,1.5
-7.0032e-03,1.5
-7.0024e-03,1.5
-7.0016e-03,1.5
-7.0008e-03,1.5
-7.0000e-03,1.5
-6.9992e-03,1.5
-6.9984e-03,1.5
-6.9976e-03,1.5
-6.9968e-03,1.3
-6.9960e-03,1.5
-6.9952e-03,1.3
-6.9944e-03,1.3
-6.9936e-03,1.5
-6.9928e-03,1.5
-6.9920e-03,1.5
-6.9912e-03,1.5
-6.9904e-03,1.3
-6.9896e-03,1.5
-6.9888e-03,1.3
-6.9880e-03,1.5
-6.9872e-03,1.3
-6.9864e-03,1.3
-6.9856e-03,1.3
-6.9848e-03,1.3
-6.9840e-03,1.3
-6.9832e-03,1.3
-6.9824e-03,1.3
-6.9816e-03,1.3
-6.9808e-03,1.3
-6.9800e-03,1.3
-6.9792e-03,1.3
-6.9784e-03,1.3
-6.9776e-03,1.3
-6.9768e-03,1.3
-6.9760e-03,1.3
-6.9752e-03,1.3
-6.9744e-03,1.3
-6.9736e-03,1.3
-6.9728e-03,1.3
-6.9720e-03,1.3
-6.9712e-03,1.3
-6.9704e-03,1.3
-6.9696e-03,1.3
-6.9688e-03,1.3
-6.9680e-03,1.3
-6.9672e-03,1.3
-6.9664e-03,1.3
-6.9656e-03,1.3
-6.9648e-03,1.3
-6.9640e-03,1.3
-6.9632e-03,1.3
-6.9624e-03,1.3
-6.9616e-03,1.3
-6.9608e-03,1.3
-6.9600e-03,1.3
-6.9592e-03,1.3
-6.9584e-03,1.3
-6.9576e-03,1.3
-6.9568e-03,1.3
-6.9560e-03,1.1
-6.9552e-03,1.3
-6.9544e-03,1.3
-6.9536e-03,1.3
-6.9528e-03,1.3
-6.9520e-03,1.3
-6.9512e-03,1.3
-6.9504e-03,1.3
-6.9496e-03,1.3
-6.9488e-03,1.3
-6.9480e-03,1.3
-6.9472e-03,1.3
-6.9464e-03,1.1
-6.9456e-03,1.1
-6.9448e-03,1.1
-6.9440e-03,1.1
-6.9432e-03,1.3
-6.9424e-03,1.1
-6.9416e-03,1.3
-6.9408e-03,1.1
-6.9400e-03,1.1
-6.9392e-03,1.3
-6.9384e-03,1.1
-6.9376e-03,1.1
-6.9368e-03,1.1
-6.9360e-03,1.1
-6.9352e-03,1.1
-6.9344e-03,1.3
-6.9336e-03,1.1
-6.9328e-03,1.1
-6.9320e-03,1.1
-6.9312e-03,1.1
-6.9304e-03,1.1
-6.9296e-03,1.1
-6.9288e-03,1.1
-6.9280e-03,1.1
-6.9272e-03,1.1
-6.9264e-03,1.1
-6.9256e-03,1.1
-6.9248e-03,1.1
-6.9240e-03,1.1
-6.9232e-03,1.1
-6.9224e-03,1.1
-6.9216e-03,1.1
-6.9208e-03,1.1
-6.9200e-03,1.1
-6.9192e-03,1.1
-6.9184e-03,1.1
-6.9176e-03,1.1
-6.9168e-03,1.1
-6.9160e-03,1.1
-6.9152e-03,1.1
-6.9144e-03,1.1
-6.9136e-03,1.1
-6.9128e-03,1.1
-6.9120e-03,1.1
-6.9112e-03,1.1
-6.9104e-03,1.1
-6.9096e-03,1.1
-6.9088e-03,1.1
-6.9080e-03,1.1
-6.9072e-03,1.1
-6.9064e-03,1.1
-6.9056e-03,1.1
-6.9048e-03,1.1
-6.9040e-03,1.1
-6.9032e-03,0.9
-6.9024e-03,1.1
-6.9016e-03,1.1
-6.9008e-03,1.1
-6.9000e-03,0.9
-6.8992e-03,0.9
-6.8984e-03,1.1
-6.8976e-03,1.1
-6.8968e-03,0.9
-6.8960e-03,1.1
-6.8952e-03,1.1
-6.8944e-03,1.1
-6.8936e-03,1.1
-6.8928e-03,1.1
-6.8920e-03,1.1
-6.8912e-03,1.1
-6.8904e-03,0.9
-6.8896e-03,1.1
-6.8888e-03,1.1
-6.8880e-03,0.9
-6.8872e-03,0.9
-6.8864e-03,1.1
-6.8856e-03,1.1
-6.8848e-03,0.9
-6.8840e-03,0.9
-6.8832e-03,0.9
-6.8824e-03,0.9
-6.8816e-03,0.9
-6.8808e-03,0.9
-6.8800e-03,0.9
-6.8792e-03,0.9
-6.8784e-03,0.9
-6.8776e-03,0.9
-6.8768e-03,0.9
-6.8760e-03,0.9
-6.8752e-03,0.9
-6.8744e-03,1.1
-6.8736e-03,1.1
-6.8728e-03,0.9
-6.8720e-03,0.9
-6.8712e-03,0.9
-6.8704e-03,0.9
-6.8696e-03,0.9
-6.8688e-03,0.9
-6.8680e-03,0.9
-6.8672e-03,0.9
-6.8664e-03,0.9
-6.8656e-03,0.9
-6.8648e-03,0.9
-6.8640e-03,0.9
-6.8632e-03,0.9
-6.8624e-03,0.9
-6.8616e-03,0.9
-6.8608e-03,0.9
-6.8600e-03,0.9
-6.8592e-03,0.9
-6.8584e-03,0.9
-6.8576e-03,0.9
-6.8568e-03,0.9
-6.8560e-03,0.9
-6.8552e-03,0.9
-6.8544e-03,0.9
-6.8536e-03,0.9
-6.8528e-03,0.9
-6.8520e-03,0.9
-6.8512e-03,0.7
-6.8504e-03,0.7
-6.8496e-03,0.9
-6.8488e-03,0.9
-6.8480e-03,0.9
-6.8472e-03,0.9
-6.8464e-03,0.9
-6.8456e-03,0.7
-6.8448e-03,0.9
-6.8440e-03,0.9
-6.8432e-03,0.7
-6.8424e-03,0.9
-6.8416e-03,0.7
-6.8408e-03,0.7
-6.8400e-03,0.7
-6.8392e-03,0.7
-6.8384e-03,0.7
-6.8376e-03,0.9
-6.8368e-03,0.7
-6.8360e-03,0.7
-6.8352e-03,0.9
-6.8344e-03,0.7
-6.8336e-03,0.7
-6.8328e-03,0.7
-6.8320e-03,0.9
-6.8312e-03,0.7
-6.8304e-03,0.9
-6.8296e-03,0.7
-6.8288e-03,0.7
-6.8280e-03,0.7
-6.8272e-03,0.7
-6.8264e-03,0.7
-6.8256e-03,0.7
-6.8248e-03,0.7
-6.8240e-03,0.7
-6.8232e-03,0.7
-6.8224e-03,0.7
-6.8216e-03,0.7
-6.8208e-03,0.7
-6.8200e-03,0.7
-6.8192e-03,0.7
-6.8184e-03,0.7
-6.8176e-03,0.7
-6.8168e-03,0.7
-6.8160e-03,0.7
-6.8152e-03,0.7
-6.8144e-03,0.7
-6.8136e-03,0.7
-6.8128e-03,0.7
-6.8120e-03,0.7
-6.8112e-03,0.7
-6.8104e-03,0.7
-6.8096e-03,0.7
-6.8088e-03,0.7
-6.8080e-03,0.7
-6.8072e-03,0.7
-6.8064e-03,0.7
-6.8056e-03,0.7
-6.8048e-03,0.7
-6.8040e-03,0.7
-6.8032e-03,0.7
-6.8024e-03,0.7
-6.8016e-03,0.7
-6.8008e-03,0.7
-6.8000e-03,0.7
-6.7992e-03,0.7
-6.7984e-03,0.7
-6.7976e-03,0.7
-6.7968e-03,0.7
-6.7960e-03,0.7
-6.7952e-03,0.7
-6.7944e-03,0.7
-6.7936e-03,0.7
-6.7928e-03,0.7
-6.7920e-03,0.7
-6.7912e-03,0.7
-6.7904e-03,0.7
-6.7896e-03,0.7
-6.7888e-03,0.7
-6.7880e-03,0.7
-6.7872e-03,0.7
-6.7864e-03,0.7
-6.7856e-03,0.7
-6.7848e-03,0.7
-6.7840e-03,0.5
-6.7832e-03,0.7
-6.7824e-03,0.5
-6.7816e-03,0.7
-6.7808e-03,0.7
-6.7800e-03,0.7
-6.7792e-03,0.5
-6.7784e-03,0.5
-6.7776e-03,0.5
-6.7768e-03,0.5
-6.7760e-03,0.5
-6.7752e-03,0.5
-6.7744e-03,0.5
-6.7736e-03,0.5
-6.7728e-03,0.7
-6.7720e-03,0.5
-6.7712e-03,0.7
-6.7704e-03,0.5
-6.7696e-03,0.5
-6.7688e-03,0.5
-6.7680e-03,0.5
-6.7672e-03,0.5
-6.7664e-03,0.5
-6.7656e-03,0.5
-6.7648e-03,0.7
-6.7640e-03,0.5
-6.7632e-03,0.5
-6.7624e-03,0.5
-6.7616e-03,0.5
-6.7608e-03,0.5
-6.7600e-03,0.7
-6.7592e-03,0.5
-6.7584e-03,0.5
-6.7576e-03,0.5
-6.7568e-03,0.5
-6.7560e-03,0.5
-6.7552e-03,0.5
-6.7544e-03,0.5
-6.7536e-03,0.5
-6.7528e-03,0.5
-6.7520e-03,0.5
-6.7512e-03,0.5
-6.7504e-03,0.5
-6.7496e-03,0.5
-6.7488e-03,0.5
-6.7480e-03,0.5
-6.7472e-03,0.5
-6.7464e-03,0.5
-6.7456e-03,0.5
-6.7448e-03,0.5
-6.7440e-03,0.5
-6.7432e-03,0.5
-6.7424e-03,0.5
-6.7416e-03,0.5
-6.7408e-03,0.5
-6.7400e-03,0.3
-6.7392e-03,0.3
-6.7384e-03,0.3
-6.7376e-03,0.5
-6.7368e-03,0.5
-6.7360e-03,0.5
-6.7352e-03,0.5
-6.7344e-03,0.3
-6.7336e-03,0.3
-6.7328e-03,0.5
-6.7320e-03,0.5
-6.7312e-03,0.3
-6.7304e-03,0.5
-6.7296e-03,0.5
-6.7288e-03,0.3
-6.7280e-03,0.3
-6.7272e-03,0.3
-6.7264e-03,0.3
-6.7256e-03,0.3
-6.7248e-03,0.3
-6.7240e-03,0.3
-6.7232e-03,0.5
-6.7224e-03,0.5
-6.7216e-03,0.3
-6.7208e-03,0.3
-6.7200e-03,0.3
-6.7192e-03,0.3
-6.7184e-03,0.3
-6.7176e-03,0.3
-6.7168e-03,0.3
-6.7160e-03,0.3
-6.7152e-03,0.3
-6.7144e-03,0.3
-6.7136e-03,0.3
-6.7128e-03,0.3
-6.7120e-03,0.3
-6.7112e-03,0.3
-6.7104e-03,0.3
-6.7096e-03,0.3
-6.7088e-03,0.3
-6.7080e-03,0.3
-6.7072e-03,0.3
-6.7064e-03,0.3
-6.7056e-03,0.3
-6.7048e-03,0.3
-6.7040e-03,0.3
-6.7032e-03,0.3
-6.7024e-03,0.3
-6.7016e-03,0.3
-6.7008e-03,0.3
-6.7000e-03,0.3
-6.6992e-03,0.3
-6.6984e-03,0.3
-6.6976e-03,0.3
-6.6968e-03,0.3
-6.6960e-03,0.3
-6.6952e-03,0.3
-6.6944e-03,0.3
-6.6936e-03,0.3
-6.6928e-03,0.3
-6.6920e-03,0.3
-6.6912e-03,0.3
-6.6904e-03,0.3
-6.6896e-03,0.1
-6.6888e-03,0.3
-6.6880e-03,0.3
-6.6872e-03,0.3
-6.6864e-03,0.3
-6.6856e-03,0.1
-6.6848e-03,0.3
-6.6840e-03,0.3
-6.6832e-03,0.3
-6.6824e-03,0.3
-6.6816e-03,0.3
-6.6808e-03,0.3
-6.6800e-03,0.3
-6.6792e-03,0.3
-6.6784e-03,0.3
-6.6776e-03,0.3
-6.6768e-03,0.1
-6.6760e-03,0.3
-6.6752e-03,0.3
-6.6744e-03,0.1
-6.6736e-03,0.3
-6.6728e-03,0.1
-6.6720e-03,0.3
-6.6712e-03,0.3
-6.6704e-03,0.3
-6.6696e-03,0.1
-6.6688e-03,0.1
-6.6680e-03,0.1
-6.6672e-03,0.1
-6.6664e-03,0.1
-6.6656e-03,0.1
-6.6648e-03,0.1
-6.6640e-03,0.1
-6.6632e-03,0.1
-6.6624e-03,0.1
-6.6616e-03,0.1
-6.6608e-03,0.1
-6.6600e-03,0.1
-6.6592e-03,0.1
-6.6584e-03,0.1
-6.6576e-03,0.1
-6.6568e-03,0.1
-6.6560e-03,0.1
-6.6552e-03,0.1
-6.6544e-03,0.1
-6.6536e-03,0.1
-6.6528e-03,0.1
-6.6520e-03,0.1
-6.6512e-03,0.1
-6.6504e-03,0.1
-6.6496e-03,0.1
-6.6488e-03,0.1
-6.6480e-03,0.1
-6.6472e-03,0.1
-6.6464e-03,0.1
-6.6456e-03,0.1
-6.6448e-03,-0.1
-6.6440e-03,0.1
-6.6432e-03,0.1
-6.6424e-03,0.1
-6.6416e-03,0.1
-6.6408e-03,0.1
-6.6400e-03,0.1
-6.6392e-03,0.1
-6.6384e-03,0.1
-6.6376e-03,0.1
-6.6368e-03,0.1
-6.6360e-03,0.1
-6.6352e-03,0.1
-6.6344e-03,0.1
-6.6336e-03,0.1
-6.6328e-03,0.1
-6.6320e-03,0.1
-6.6312e-03,0.1
-6.6304e-03,0.1
-6.6296e-03,0.1
-6.6288e-03,0.1
-6.6280e-03,0.1
-6.6272e-03,-0.1
-6.6264e-03,0.1
-6.6256e-03,-0.1
-6.6248e-03,0.1
-6.6240e-03,-0.1
-6.6232e-03,0.1
-6.6224e-03,0.1
-6.6216e-03,-0.1
-6.6208e-03,0.1
-6.6200e-03,0.1
-6.6192e-03,-0.1
-6.6184e-03,0.1
-6.6176e-03,0.1
-6.6168e-03,0.1
-6.6160e-03,-0.1
-6.6152e-03,-0.1
-6.6144e-03,0.1
-6.6136e-03,0.1
-6.6128e-03,0.1
-6.6120e-03,-0.1
-6.6112e-03,-0.1
-6.6104e-03,0.1
-6.6096e-03,0.1
-6.6088e-03,-0.1
-6.6080e-03,-0.1
-6.6072e-03,-0.1
-6.6064e-03,-0.1
-6.6056e-03,-0.1
-6.6048e-03,-0.1
-6.6040e-03,-0.1
-6.6032e-03,-0.1
-6.6024e-03,0.1
-6.6016e-03,-0.1
-6.6008e-03,-0.1
-6.6000e-03,-0.1
-6.5992e-03,-0.1
-6.5984e-03,-0.1
-6.5976e-03,-0.1
-6.5968e-03,-0.1
-6.5960e-03,-0.1
-6.5952e-03,-0.1
-6.5944e-03,-0.1
-6.5936e-03,-0.1
-6.5928e-03,-0.1
-6.5920e-03,-0.1
-6.5912e-03,-0.1
-6.5904e-03,-0.1
-6.5896e-03,-0.1
-6.5888e-03,-0.1
-6.5880e-03,-0.1
-6.5872e-03,-0.1
-6.5864e-03,-0.1
-6.5856e-03,-0.1
-6.5848e-03,-0.1
-6.5840e-03,-0.1
-6.5832e-03,-0.1
-6.5824e-03,-0.1
-6.5816e-03,-0.1
-6.5808e-03,-0.1
-6.5800e-03,-0.1
-6.5792e-03,-0.1
-6.5784e-03,-0.1
-6.5776e-03,-0.1
-6.5768e-03,-0.1
-6.5760e-03,-0.1
-6.5752e-03,-0.1
-6.5744e-03,-0.1
-6.5736e-03,-0.3
-6.5728e-03,-0.1
-6.5720e-03,-0.1
-6.5712e-03,-0.1
-6.5704e-03,-0.1
-6.5696e-03,-0.3
-6.5688e-03,-0.1
-6.5680e-03,-0.1
-6.5672e-03,-0.3
-6.5664e-03,-0.1
-6.5656e-03,-0.3
-6.5648e-03,-0.1
-6.5640e-03,-0.3
-6.5632e-03,-0.1
-6.5624e-03,-0.3
-6.5616e-03,-0.3
-6.5608e-03,-0.1
-6.5600e-03,-0.3
-6.5592e-03,-0.3
-6.5584e-03,-0.3
-6.5576e-03,-0.3
-6.5568e-03,-0.3
-6.5560e-03,-0.3
-6.5552e-03,-0.3
-6.5544e-03,-0.3
-6.5536e-03,-0.3
-6.5528e-03,-0.3
-6.5520e-03,-0.3
-6.5512e-03,-0.3
-6.5504e-03,-0.3
-6.5496e-03,-0.3
-6.5488e-03,-0.3
-6.5480e-03,-0.3
-6.5472e-03,-0.3
-6.5464e-03,-0.3
-6.5456e-03,-0.3
-6.5448e-03,-0.3
-6.5440e-03,-0.3
-6.5432e-03,-0.3
-6.5424e-03,-0.3
-6.5416e-03,-0.3
-6.5408e-03,-0.3
-6.5400e-03,-0.3
-6.5392e-03,-0.3
-6.5384e-03,-0.3
-6.5376e-03,-0.3
-6.5368e-03,-0.3
-6.5360e-03,-0.3
-6.5352e-03,-0.3
-6.5344e-03,-0.3
-6.5336e-03,-0.3
-6.5328e-03,-0.3
-6.5320e-03,-0.3
-6.5312e-03,-0.3
-6.5304e-03,-0.3
-6.5296e-03,-0.3
-6.5288e-03,-0.3
-6.5280e-03,-0.3
-6.5272e-03,-0.3
-6.5264e-03,-0.3
-6.5256e-03,-0.3
-6.5248e-03,-0.3
-6.5240e-03,-0.3
-6.5232e-03,-0.3
-6.5224e-03,-0.5
-6.5216e-03,-0.3
-6.5208e-03,-0.3
-6.5200e-03,-0.3
-6.5192e-03,-0.3
-6.5184e-03,-0.3
-6.5176e-03,-0.3
-6.5168e-03,-0.3
-6.5160e-03,-0.3
-6.5152e-03,-0.3
-6.5144e-03,-0.5
-6.5136e-03,-0.5
-6.5128e-03,-0.5
-6.5120e-03,-0.5
-6.5112e-03,-0.5
-6.5104e-03,-0.3
-6.5096e-03,-0.5
-6.5088e-03,-0.5
-6.5080e-03,-0.3
-6.5072e-03,-0.5
-6.5064e-03,-0.5
-6.5056e-03,-0.3
-6.5048e-03,-0.3
-6.5040e-03,-0.5
-6.5032e-03,-0.5
-6.5024e-03,-0.5
-6.5016e-03,-0.5
-6.5008e-03,-0.5
-6.5000e-03,-0.5
-6.4992e-03,-0.5
-6.4984e-03,-0.5
-6.4976e-03,-0.5
-6.4968e-03,-0.5
-6.4960e-03,-0.5
-6.4952e-03,-0.5
-6.4944e-03,-0.5
-6.4936e-03,-0.5
-6.4928e-03,-0.5
-6.4920e-03,-0.5
-6.4912e-03,-0.5
-6.4904e-03,-0.5
-6.4896e-03,-0.5
-6.4888e-03,-0.5
-6.4880e-03,-0.5
-6.4872e-03,-0.5
-6.4864e-03,-0.5
-6.4856e-03,-0.5
-6.4848e-03,-0.5
-6.4840e-03,-0.5
-6.4832e-03,-0.5
-6.4824e-03,-0.5
-6.4816e-03,-0.5
-6.4808e-03,-0.5
-6.4800e-03,-0.5
-6.4792e-03,-0.5
-6.4784e-03,-0.5
-6.4776e-03,-0.5
-6.4768e-03,-0.5
-6.4760e-03,-0.5
-6.4752e-03,-0.5
-6.4744e-03,-0.5
-6.4736e-03,-0.5
-6.4728e-03,-0.5
-6.4720e-03,-0.5
-6.4712e-03,-0.5
-6.4704e-03,-0.5
-6.4696e-03,-0.5
-6.4688e-03,-0.5
-6.4680e-03,-0.5
-6.4672e-03,-0.5
-6.4664e-03,-0.5
-6.4656e-03,-0.5
-6.4648e-03,-0.5
-6.4640e-03,-0.5
-6.4632e-03,-0.5
-6.4624e-03,-0.5
-6.4616e-03,-0.5
-6.4608e-03,-0.5
-6.4600e-03,-0.5
-6.4592e-03,-0.5
-6.4584e-03,-0.7
-6.4576e-03,-0.5
-6.4568e-03,-0.5
-6.4560e-03,-0.5
-6.4552e-03,-0.5
-6.4544e-03,-0.5
-6.4536e-03,-0.7
-6.4528e-03,-0.5
-6.4520e-03,-0.7
-6.4512e-03,-0.5
-6.4504e-03,-0.5
-6.4496e-03,-0.7
-6.4488e-03,-0.7
-6.4480e-03,-0.5
-6.4472e-03,-0.7
-6.4464e-03,-0.7
-6.4456e-03,-0.7
-6.4448e-03,-0.7
-6.4440e-03,-0.7
-6.4432e-03,-0.7
-6.4424e-03,-0.5
-6.4416e-03,-0.7
-6.4408e-03,-0.7
-6.4400e-03,-0.7
-6.4392e-03,-0.7
-6.4384e-03,-0.5
-6.4376e-03,-0.7
-6.4368e-03,-0.7
-6.4360e-03,-0.7
-6.4352e-03,-0.7
-6.4344e-03,-0.7
-6.4336e-03,-0.7
-6.4328e-03,-0.7
-6.4320e-03,-0.7
-6.4312e-03,-0.7
-6.4304e-03,-0.7
-6.4296e-03,-0.7
-6.4288e-03,-0.7
-6.4280e-03,-0.7
-6.4272e-03,-0.7
-6.4264e-03,-0.7
-6.4256e-03,-0.7
-6.4248e-03,-0.7
-6.4240e-03,-0.7
-6.4232e-03,-0.7
-6.4224e-03,-0.7
-6.4216e-03,-0.7
-6.4208e-03,-0.7
-6.4200e-03,-0.7
-6.4192e-03,-0.7
-6.4184e-03,-0.7
-6.4176e-03,-0.7
-6.4168e-03,-0.7
-6.4160e-03,-0.7
-6.4152e-03,-0.7
-6.4144e-03,-0.7
-6.4136e-03,-0.7
-6.4128e-03,-0.7
-6.4120e-03,-0.7
-6.4112e-03,-0.7
-6.4104e-03,-0.7
-6.4096e-03,-0.7
-6.4088e-03,-0.7
-6.4080e-03,-0.7
-6.4072e-03,-0.7
-6.4064e-03,-0.7
-6.4056e-03,-0.7
-6.4048e-03,-0.7
-6.4040e-03,-0.9
-6.4032e-03,-0.7
-6.4024e-03,-0.7
-6.4016e-03,-0.9
-6.4008e-03,-0.9
-6.4000e-03,-0.9
-6.3992e-03,-0.9
-6.3984e-03,-0.7
-6.3976e-03,-0.9
-6.3968e-03,-0.7
-6.3960e-03,-0.7
-6.3952e-03,-0.9
-6.3944e-03,-0.7
-6.3936e-03,-0.9
-6.3928e-03,-0.9
-6.3920e-03,-0.9
-6.3912e-03,-0.9
-6.3904e-03,-0.9
-6.3896e-03,-0.9
-6.3888e-03,-0.7
-6.3880e-03,-0.9
-6.3872e-03,-0.7
-6.3864e-03,-0.9
-6.3856e-03,-0.9
-6.3848e-03,-0.9
-6.3840e-03,-0.9
-6.3832e-03,-0.9
-6.3824e-03,-0.9
-6.3816e-03,-0.9
-6.3808e-03,-0.9
-6.3800e-03,-0.9
-6.3792e-03,-0.9
-6.3784e-03,-0.9
-6.3776e-03,-0.9
-6.3768e-03,-0.9
-6.3760e-03,-0.9
-6.3752e-03,-0.9
-6.3744e-03,-0.9
-6.3736e-03,-0.9
-6.3728e-03,-0.9
-6.3720e-03,-0.9
-6.3712e-03,-0.9
-6.3704e-03,-0.9
-6.3696e-03,-0.9
-6.3688e-03,-0.9
-6.3680e-03,-0.9
-6.3672e-03,-0.9
-6.3664e-03,-0.9
-6.3656e-03,-0.9
-6.3648e-03,-0.9
-6.3640e-03,-0.9
-6.3632e-03,-0.9
-6.3624e-03,-0.9
-6.3616e-03,-0.9
-6.3608e-03,-0.9
-6.3600e-03,-0.9
-6.3592e-03,-0.9
-6.3584e-03,-0.9
-6.3576e-03,-0.9
-6.3568e-03,-0.9
-6.3560e-03,-0.9
-6.3552e-03,-0.9
-6.3544e-03,-0.9
-6.3536e-03,-0.9
-6.3528e-03,-0.9
-6.3520e-03,-0.9
-6.3512e-03,-0.9
-6.3504e-03,-0.9
-6.3496e-03,-1.1
-6.3488e-03,-1.1
-6.3480e-03,-0.9
-6.3472e-03,-0.9
-6.3464e-03,-0.9
-6.3456e-03,-0.9
-6.3448e-03,-0.9
-6.3440e-03,-0.9
-6.3432e-03,-0.9
-6.3424e-03,-0.9
-6.3416e-03,-1.1
-6.3408e-03,-1.1
-6.3400e-03,-1.1
-6.3392e-03,-0.9
-6.3384e-03,-0.9
-6.3376e-03,-0.9
-6.3368e-03,-1.1
-6.3360e-03,-1.1
-6.3352e-03,-0.9
-6.3344e-03,-0.9
-6.3336e-03,-1.1
-6.3328e-03,-1.1
-6.3320e-03,-1.1
-6.3312e-03,-0.9
-6.3304e-03,-0.9
-6.3296e-03,-1.1
-6.3288e-03,-1.1
-6.3280e-03,-1.1
-6.3272e-03,-1.1
-6.3264e-03,-1.1
-6.3256e-03,-1.1
-6.3248e-03,-1.1
-6.3240e-03,-1.1
-6.3232e-03,-1.1
-6.3224e-03,-1.1
-6.3216e-03,-1.1
-6.3208e-03,-1.1
-6.3200e-03,-1.1
-6.3192e-03,-1.1
-6.3184e-03,-1.1
-6.3176e-03,-1.1
-6.3168e-03,-1.1
-6.3160e-03,-1.1
-6.3152e-03,-1.1
-6.3144e-03,-1.1
-6.3136e-03,-1.1
-6.3128e-03,-1.1
-6.3120e-03,-1.1
-6.3112e-03,-1.1
-6.3104e-03,-1.1
-6.3096e-03,-1.1
-6.3088e-03,-1.1
-6.3080e-03,-1.1
-6.3072e-03,-1.1
-6.3064e-03,-1.1
-6.3056e-03,-1.1
-6.3048e-03,-1.1
-6.3040e-03,-1.1
-6.3032e-03,-1.1
-6.3024e-03,-1.1
-6.3016e-03,-1.1
-6.3008e-03,-1.1
-6.3000e-03,-1.1
-6.2992e-03,-1.1
-6.2984e-03,-1.1
-6.2976e-03,-1.1
-6.2968e-03,-1.1
-6.2960e-03,-1.1
-6.2952e-03,-1.1
-6.2944e-03,-1.1
-6.2936e-03,-1.1
-6.2928e-03,-1.1
-6.2920e-03,-1.1
-6.2912e-03,-1.1
-6.2904e-03,-1.1
-6.2896e-03,-1.1
-6.2888e-03,-1.1
-6.2880e-03,-1.1
-6.2872e-03,-1.1
-6.2864e-03,-1.1
-6.2856e-03,-1.1
-6.2848e-03,-1.1
-6.2840e-03,-1.1
-6.2832e-03,-1.1
-6.2824e-03,-1.1
-6.2816e-03,-1.1
-6.2808e-03,-1.1
-6.2800e-03,-1.1
-6.2792e-03,-1.1
-6.2784e-03,-1.1
-6.2776e-03,-1.1
-6.2768e-03,-1.1
-6.2760e-03,-1.1
-6.2752e-03,-1.1
-6.2744e-03,-1.1
-6.2736e-03,-1.1
-6.2728e-03,-1.1
-6.2720e-03,-1.1
-6.2712e-03,-1.1
-6.2704e-03,-1.3
-6.2696e-03,-1.1
-6.2688e-03,-1.3
-6.2680e-03,-1.3
-6.2672e-03,-1.3
-6.2664e-03,-1.3
-6.2656e-03,-1.3
-6.2648e-03,-1.3
-6.2640e-03,-1.3
-6.2632e-03,-1.3
-6.2624e-03,-1.3
-6.2616e-03,-1.3
-6.2608e-03,-1.3
-6.2600e-03,-1.3
-6.2592e-03,-1.3
-6.2584e-03,-1.3
-6.2576e-03,-1.3
-6.2568e-03,-1.3
-6.2560e-03,-1.3
-6.2552e-03,-1.3
-6.2544e-03,-1.3
-6.2536e-03,-1.3
-6.2528e-03,-1.3
-6.2520e-03,-1.3
-6.2512e-03,-1.3
-6.2504e-03,-1.3
-6.2496e-03,-1.3
-6.2488e-03,-1.3
-6.2480e-03,-1.3
-6.2472e-03,-1.3
-6.2464e-03,-1.3
-6.2456e-03,-1.3
-6.2448e-03,-1.3
-6.2440e-03,-1.3
-6.2432e-03,-1.3
-6.2424e-03,-1.3
-6.2416e-03,-1.3
-6.2408e-03,-1.3
-6.2400e-03,-1.3
-6.2392e-03,-1.3
-6.2384e-03,-1.3
-6.2376e-03,-1.3
-6.2368e-03,-1.3
-6.2360e-03,-1.3
-6.2352e-03,-1.3
-6.2344e-03,-1.3
-6.2336e-03,-1.3
-6.2328e-03,-1.3
-6.2320e-03,-1.3
-6.2312e-03,-1.3
-6.2304e-03,-1.3
-6.2296e-03,-1.3
-6.2288e-03,-1.3
-6.2280e-03,-1.3
-6.2272e-03,-1.3
-6.2264e-03,-1.3
-6.2256e-03,-1.3
-6.2248e-03,-1.3
-6.2240e-03,-1.3
-6.2232e-03,-1.3
-6.2224e-03,-1.3
-6.2216e-03,-1.3
-6.2208e-03,-1.3
-6.2200e-03,-1.3
-6.2192e-03,-1.3
-6.2184e-03,-1.3
-6.2176e-03,-1.3
-6.2168e-03,-1.3
-6.2160e-03,-1.3
-6.2152e-03,-1.3
-6.2144e-03,-1.3
-6.2136e-03,-1.3
-6.2128e-03,-1.3
-6.2120e-03,-1.3
-6.2112e-03,-1.3
-6.2104e-03,-1.3
-6.2096e-03,-1.3
-6.2088e-03,-1.3
-6.2080e-03,-1.3
-6.2072e-03,-1.3
-6.2064e-03,-1.5
-6.2056e-03,-1.5
-6.2048e-03,-1.5
-6.2040e-03,-1.5
-6.2032e-03,-1.5
-6.2024e-03,-1.5
-6.2016e-03,-1.3
-6.2008e-03,-1.3
-6.2000e-03,-1.5
-6.1992e-03,-1.3
-6.1984e-03,-1.5
-6.1976e-03,-1.3
-6.1968e-03,-1.5
-6.1960e-03,-1.5
-6.1952e-03,-1.3
-6.1944e-03,-1.5
-6.1936e-03,-1.3
-6.1928e-03,-1.5
-6.1920e-03,-1.5
-6.1912e-03,-1.5
-6.1904e-03,-1.5
-6.1896e-03,-1.5
-6.1888e-03,-1.5
-6.1880e-03,-1.5
-6.1872e-03,-1.5
-6.1864e-03,-1.3
-6.1856e-03,-1.5
-6.1848e-03,-1.5
-6.1840e-03,-1.5
-6.1832e-03,-1.5
-6.1824e-03,-1.5
-6.1816e-03,-1.5
-6.1808e-03,-1.5
-6.1800e-03,-1.5
-6.1792e-03,-1.5
-6.1784e-03,-1.5
-6.1776e-03,-1.5
-6.1768e-03,-1.5
-6.1760e-03,-1.5
-6.1752e-03,-1.5
-6.1744e-03,-1.5
-6.1736e-03,-1.5
-6.1728e-03,-1.5
-6.1720e-03,-1.5
-6.1712e-03,-1.5
-6.1704e-03,-1.5
-6.1696e-03,-1.5
-6.1688e-03,-1.5
-6.1680e-03,-1.5
-6.1672e-03,-1.5
-6.1664e-03,-1.5
-6.1656e-03,-1.5
-6.1648e-03,-1.5
-6.1640e-03,-1.5
-6.1632e-03,-1.5
-6.1624e-03,-1.5
-6.1616e-03,-1.5
-6.1608e-03,-1.5
-6.1600e-03,-1.5
-6.1592e-03,-1.5
-6.1584e-03,-1.5
-6.1576e-03,-1.5
-6.1568e-03,-1.5
-6.1560e-03,-1.5
-6.1552e-03,-1.5
-6.1544e-03,-1.5
-6.1536e-03,-1.5
-6.1528e-03,-1.5
-6.1520e-03,-1.5
-6.1512e-03,-1.5
-6.1504e-03,-1.5
-6.1496e-03,-1.5
-6.1488e-03,-1.5
-6.1480e-03,-1.5
-6.1472e-03,-1.5
-6.1464e-03,-1.5
-6.1456e-03,-1.5
-6.1448e-03,-1.5
-6.1440e-03,-1.5
-6.1432e-03,-1.5
-6.1424e-03,-1.5
-6.1416e-03,-1.5
-6.1408e-03,-1.5
-6.1400e-03,-1.5
-6.1392e-03,-1.5
-6.1384e-03,-1.5
-6.1376e-03,-1.5
-6.1368e-03,-1.5
-6.1360e-03,-1.5
-6.1352e-03,-1.5
-6.1344e-03,-1.5
-6.1336e-03,-1.5
-6.1328e-03,-1.5
-6.1320e-03,-1.5
-6.1312e-03,-1.5
-6.1304e-03,-1.5
-6.1296e-03,-1.5
-6.1288e-03,-1.5
-6.1280e-03,-1.5
-6.1272e-03,-1.5
-6.1264e-03,-1.5
-6.1256e-03,-1.5
-6.1248e-03,-1.5
-6.1240e-03,-1.5
-6.1232e-03,-1.5
-6.1224e-03,-1.5
-6.1216e-03,-1.5
-6.1208e-03,-1.5
-6.1200e-03,-1.5
-6.1192e-03,-1.5
-6.1184e-03,-1.5
-6.1176e-03,-1.5
-6.1168e-03,-1.5
-6.1160e-03,-1.7
-6.1152e-03,-1.7
-6.1144e-03,-1.5
-6.1136e-03,-1.5
-6.1128e-03,-1.7
-6.1120e-03,-1.7
-6.1112e-03,-1.5
-6.1104e-03,-1.7
-6.1096e-03,-1.7
-6.1088e-03,-1.7
-6.1080e-03,-1.5
-6.1072e-03,-1.5
-6.1064e-03,-1.5
-6.1056e-03,-1.7
-6.1048e-03,-1.5
-6.1040e-03,-1.5
-6.1032e-03,-1.7
-6.1024e-03,-1.5
-6.1016e-03,-1.7
-6.1008e-03,-1.7
-6.1000e-03,-1.7
-6.0992e-03,-1.5
-6.0984e-03,-1.5
-6.0976e-03,-1.7
-6.0968e-03,-1.5
-6.0960e-03,-1.5
-6.0952e-03,-1.7
-6.0944e-03,-1.5
-6.0936e-03,-1.7
-6.0928e-03,-1.7
-6.0920e-03,-1.5
-6.0912e-03,-1.7
-6.0904e-03,-1.5
-6.0896e-03,-1.7
-6.0888e-03,-1.7
-6.0880e-03,-1.7
-6.0872e-03,-1.7
-6.0864e-03,-1.7
-6.0856e-03,-1.7
-6.0848e-03,-1.7
-6.0840e-03,-1.7
-6.0832e-03,-1.7
-6.0824e-03,-1.7
-6.0816e-03,-1.7
-6.0808e-03,-1.7
-6.0800e-03,-1.7
-6.0792e-03,-1.7
-6.0784e-03,-1.7
-6.0776e-03,-1.7
-6.0768e-03,-1.7
-6.0760e-03,-1.7
-6.0752e-03,-1.7
-6.0744e-03,-1.7
-6.0736e-03,-1.7
-6.0728e-03,-1.7
-6.0720e-03,-1.7
-6.0712e-03,-1.7
-6.0704e-03,-1.7
-6.0696e-03,-1.7
-6.0688e-03,-1.7
-6.0680e-03,-1.7
-6.0672e-03,-1.7
-6.0664e-03,-1.7
-6.0656e-03,-1.7
-6.0648e-03,-1.7
-6.0640e-03,-1.7
-6.0632e-03,-1.7
-6.0624e-03,-1.7
-6.0616e-03,-1.7
-6.0608e-03,-1.7
-6.0600e-03,-1.9
-6.0592e-03,-1.7
-6.0584e-03,-1.7
-6.0576e-03,-1.7
-6.0568e-03,-1.7
-6.0560e-03,-1.7
-6.0552e-03,-1.7
-6.0544e-03,-1.7
-6.0536e-03,-1.7
-6.0528e-03,-1.7
-6.0520e-03,-1.7
-6.0512e-03,-1.7
-6.0504e-03,-1.7
-6.0496e-03,-1.7
-6.0488e-03,-1.7
-6.0480e-03,-1.7
-6.0472e-03,-1.7
-6.0464e-03,-1.7
-6.0456e-03,-1.7
-6.0448e-03,-1.7
-6.0440e-03,-1.7
-6.0432e-03,-1.7
-6.0424e-03,-1.7
-6.0416e-03,-1.7
-6.0408e-03,-1.7
-6.0400e-03,-1.7
-6.0392e-03,-1.7
-6.0384e-03,-1.7
-6.0376e-03,-1.7
-6.0368e-03,-1.7
-6.0360e-03,-1.7
-6.0352e-03,-1.7
-6.0344e-03,-1.7
-6.0336e-03,-1.7
-6.0328e-03,-1.7
-6.0320e-03,-1.7
-6.0312e-03,-1.7
-6.0304e-03,-1.7
-6.0296e-03,-1.7
-6.0288e-03,-1.7
-6.0280e-03,-1.7
-6.0272e-03,-1.7
-6.0264e-03,-1.7
-6.0256e-03,-1.7
-6.0248e-03,-1.7
-6.0240e-03,-1.7
-6.0232e-03,-1.7
-6.0224e-03,-1.7
-6.0216e-03,-1.7
-6.0208e-03,-1.7
-6.0200e-03,-1.7
-6.0192e-03,-1.7
-6.0184e-03,-1.7
-6.0176e-03,-1.7
-6.0168e-03,-1.7
-6.0160e-03,-1.7
-6.0152e-03,-1.7
-6.0144e-03,-1.7
-6.0136e-03,-1.7
-6.0128e-03,-1.7
-6.0120e-03,-1.9
-6.0112e-03,-1.7
-6.0104e-03,-1.7
-6.0096e-03,-1.9
-6.0088e-03,-1.9
-6.0080e-03,-1.9
-6.0072e-03,-1.9
-6.0064e-03,-1.7
-6.0056e-03,-1.7
-6.0048e-03,-1.9
-6.0040e-03,-1.9
-6.0032e-03,-1.9
-6.0024e-03,-1.7
-6.0016e-03,-1.7
-6.0008e-03,-1.9
-6.0000e-03,-1.7
-5.9992e-03,-1.7
-5.9984e-03,-1.7
-5.9976e-03,-1.9
-5.9968e-03,-1.9
-5.9960e-03,-1.9
-5.9952e-03,-1.7
-5.9944e-03,-1.9
-5.9936e-03,-1.9
-5.9928e-03,-1.7
-5.9920e-03,-1.9
-5.9912e-03,-1.9
-5.9904e-03,-1.9
-5.9896e-03,-1.9
-5.9888e-03,-1.9
-5.9880e-03,-1.9
-5.9872e-03,-1.9
-5.9864e-03,-1.9
-5.9856e-03,-1.9
-5.9848e-03,-1.9
-5.9840e-03,-1.9
-5.9832e-03,-1.7
-5.9824e-03,-1.7
-5.9816e-03,-1.7
-5.9808e-03,-1.9
-5.9800e-03,-1.9
-5.9792e-03,-1.9
-5.9784e-03,-1.9
-5.9776e-03,-1.9
-5.9768e-03,-1.9
-5.9760e-03,-1.9
-5.9752e-03,-1.9
-5.9744e-03,-1.9
-5.9736e-03,-1.9
-5.9728e-03,-1.9
-5.9720e-03,-1.9
-5.9712e-03,-1.9
-5.9704e-03,-1.9
-5.9696e-03,-1.9
-5.9688e-03,-1.9
-5.9680e-03,-1.7
-5.9672e-03,-1.9
-5.9664e-03,-1.9
-5.9656e-03,-1.9
-5.9648e-03,-1.9
-5.9640e-03,-1.9
-5.9632e-03,-1.9
-5.9624e-03,-1.9
-5.9616e-03,-1.9
-5.9608e-03,-1.9
-5.9600e-03,-1.9
-5.9592e-03,-1.9
-5.9584e-03,-1.9
-5.9576e-03,-1.9
-5.9568e-03,-1.9
-5.9560e-03,-1.9
-5.9552e-03,-1.9
-5.9544e-03,-1.9
-5.9536e-03,-1.9
-5.9528e-03,-1.9
-5.9520e-03,-1.9
-5.9512e-03,-1.9
-5.9504e-03,-1.9
-5.9496e-03,-1.9
-5.9488e-03,-1.9
-5.9480e-03,-1.9
-5.9472e-03,-1.9
-5.9464e-03,-1.9
-5.9456e-03,-1.9
-5.9448e-03,-1.9
-5.9440e-03,-1.9
-5.9432e-03,-1.9
-5.9424e-03,-1.9
-5.9416e-03,-1.9
-5.9408e-03,-1.9
-5.9400e-03,-1.9
-5.9392e-03,-1.9
-5.9384e-03,-1.9
-5.9376e-03,-1.9
-5.9368e-03,-1.9
-5.9360e-03,-1.9
-5.9352e-03,-1.9
-5.9344e-03,-1.9
-5.9336e-03,-1.9
-5.9328e-03,-1.9
-5.9320e-03,-1.9
-5.9312e-03,-1.9
-5.9304e-03,-1.9
-5.9296e-03,-1.9
-5.9288e-03,-1.9
-5.9280e-03,-1.9
-5.9272e-03,-1.9
-5.9264e-03,-1.9
-5.9256e-03,-1.9
-5.9248e-03,-1.9
-5.9240e-03,-1.9
-5.9232e-03,-1.9
-5.9224e-03,-1.9
-5.9216e-03,-1.9
-5.9208e-03,-1.9
-5.9200e-03,-1.9
-5.9192e-03,-1.9
-5.9184e-03,-1.9
-5.9176e-03,-1.9
-5.9168e-03,-1.9
-5.9160e-03,-1.9
-5.9152e-03,-1.9
-5.9144e-03,-1.9
-5.9136e-03,-1.9
-5.9128e-03,-1.9
-5.9120e-03,-1.9
-5.9112e-03,-1.9
-5.9104e-03,-1.9
-5.9096e-03,-1.9
-5.9088e-03,-1.9
-5.9080e-03,-1.9
-5.9072e-03,-1.9
-5.9064e-03,-2.1
-5.9056e-03,-1.9
-5.9048e-03,-1.9
-5.9040e-03,-1.9
-5.9032e-03,-1.9
-5.9024e-03,-1.9
-5.9016e-03,-1.9
-5.9008e-03,-1.9
-5.9000e-03,-1.9
-5.8992e-03,-1.9
-5.8984e-03,-1.9
-5.8976e-03,-1.9
-5.8968e-03,-1.9
-5.8960e-03,-1.9
-5.8952e-03,-1.9
-5.8944e-03,-1.9
-5.8936e-03,-1.9
-5.8928e-03,-1.9
-5.8920e-03,-1.9
-5.8912e-03,-1.9
-5.8904e-03,-1.9
-5.8896e-03,-1.9
-5.8888e-03,-1.9
-5.8880e-03,-1.9
-5.8872e-03,-1.9
-5.8864e-03,-2.1
-5.8856e-03,-1.9
-5.8848e-03,-1.9
-5.8840e-03,-2.1
-5.8832e-03,-1.9
-5.8824e-03,-1.9
-5.8816e-03,-1.9
-5.8808e-03,-1.9
-5.8800e-03,-1.9
-5.8792e-03,-1.9
-5.8784e-03,-1.9
-5.8776e-03,-1.9
-5.8768e-03,-2.1
-5.8760e-03,-1.9
-5.8752e-03,-2.1
-5.8744e-03,-1.9
-5.8736e-03,-1.9
-5.8728e-03,-2.1
-5.8720e-03,-1.9
-5.8712e-03,-2.1
-5.8704e-03,-1.9
-5.8696e-03,-1.9
-5.8688e-03,-1.9
-5.8680e-03,-1.9
-5.8672e-03,-1.9
-5.8664e-03,-1.9
-5.8656e-03,-1.9
-5.8648e-03,-1.9
-5.8640e-03,-2.1
-5.8632e-03,-1.9
-5.8624e-03,-1.9
-5.8616e-03,-1.9
-5.8608e-03,-1.9
-5.8600e-03,-2.1
-5.8592e-03,-1.9
-5.8584e-03,-1.9
-5.8576e-03,-2.1
-5.8568e-03,-2.1
-5.8560e-03,-1.9
-5.8552e-03,-1.9
-5.8544e-03,-1.9
-5.8536e-03,-1.9
-5.8528e-03,-1.9
-5.8520e-03,-1.9
-5.8512e-03,-1.9
-5.8504e-03,-1.9
-5.8496e-03,-1.9
-5.8488e-03,-1.9
-5.8480e-03,-1.9
-5.8472e-03,-1.9
-5.8464e-03,-1.9
-5.8456e-03,-1.9
-5.8448e-03,-1.9
-5.8440e-03,-1.9
-5.8432e-03,-1.9
-5.8424e-03,-1.9
-5.8416e-03,-1.9
-5.8408e-03,-1.9
-5.8400e-03,-1.9
-5.8392e-03,-1.9
-5.8384e-03,-1.9
-5.8376e-03,-1.9
-5.8368e-03,-1.9
-5.8360e-03,-1.9
-5.8352e-03,-1.9
-5.8344e-03,-1.9
-5.8336e-03,-1.9
-5.8328e-03,-1.9
-5.8320e-03,-1.9
-5.8312e-03,-1.9
-5.8304e-03,-2.1
-5.8296e-03,-1.9
-5.8288e-03,-1.9
-5.8280e-03,-1.9
-5.8272e-03,-1.9
-5.8264e-03,-1.9
-5.8256e-03,-2.1
-5.8248e-03,-1.9
-5.8240e-03,-1.9
-5.8232e-03,-1.9
-5.8224e-03,-1.9
-5.8216e-03,-1.9
-5.8208e-03,-1.9
-5.8200e-03,-1.9
-5.8192e-03,-1.9
-5.8184e-03,-1.9
-5.8176e-03,-1.9
-5.8168e-03,-1.9
-5.8160e-03,-1.9
-5.8152e-03,-1.9
-5.8144e-03,-1.9
-5.8136e-03,-1.9
-5.8128e-03,-1.9
-5.8120e-03,-1.9
-5.8112e-03,-1.9
-5.8104e-03,-1.9
-5.8096e-03,-1.9
-5.8088e-03,-1.9
-5.8080e-03,-1.9
-5.8072e-03,-1.9
-5.8064e-03,-1.9
-5.8056e-03,-1.9
-5.8048e-03,-1.9
-5.8040e-03,-1.9
-5.8032e-03,-1.9
-5.8024e-03,-1.9
-5.8016e-03,-1.9
-5.8008e-03,-1.9
-5.8000e-03,-1.9
-5.7992e-03,-1.9
-5.7984e-03,-1.9
-5.7976e-03,-1.9
-5.7968e-03,-1.9
-5.7960e-03,-1.9
-5.7952e-03,-1.9
-5.7944e-03,-1.9
-5.7936e-03,-1.9
-5.7928e-03,-1.9
-5.7920e-03,-1.9
-5.7912e-03,-1.9
-5.7904e-03,-1.9
-5.7896e-03,-1.9
-5.7888e-03,-1.9
-5.7880e-03,-1.9
-5.7872e-03,-1.9
-5.7864e-03,-1.9
-5.7856e-03,-1.9
-5.7848e-03,-1.9
-5.7840e-03,-1.9
-5.7832e-03,-1.9
-5.7824e-03,-1.9
-5.7816e-03,-1.9
-5.7808e-03,-1.9
-5.7800e-03,-1.9
-5.7792e-03,-1.9
-5.7784e-03,-1.9
-5.7776e-03,-1.9
-5.7768e-03,-1.9
-5.7760e-03,-1.9
-5.7752e-03,-1.9
-5.7744e-03,-1.9
-5.7736e-03,-1.9
-5.7728e-03,-1.9
-5.7720e-03,-1.9
-5.7712e-03,-1.9
-5.7704e-03,-1.9
-5.7696e-03,-1.9
-5.7688e-03,-1.9
-5.7680e-03,-1.9
-5.7672e-03,-1.9
-5.7664e-03,-1.9
-5.7656e-03,-1.9
-5.7648e-03,-1.9
-5.7640e-03,-1.9
-5.7632e-03,-1.9
-5.7624e-03,-1.9
-5.7616e-03,-1.9
-5.7608e-03,-1.9
-5.7600e-03,-1.7
-5.7592e-03,-1.9
-5.7584e-03,-1.9
-5.7576e-03,-1.9
-5.7568e-03,-1.9
-5.7560e-03,-1.9
-5.7552e-03,-1.9
-5.7544e-03,-1.9
-5.7536e-03,-1.9
-5.7528e-03,-1.7
-5.7520e-03,-1.7
-5.7512e-03,-1.9
-5.7504e-03,-1.9
-5.7496e-03,-1.9
-5.7488e-03,-1.9
-5.7480e-03,-1.9
-5.7472e-03,-1.9
-5.7464e-03,-1.9
-5.7456e-03,-1.9
-5.7448e-03,-1.9
-5.7440e-03,-1.9
-5.7432e-03,-1.9
-5.7424e-03,-1.9
-5.7416e-03,-1.7
-5.7408e-03,-1.9
-5.7400e-03,-1.7
-5.7392e-03,-1.7
-5.7384e-03,-1.7
-5.7376e-03,-1.9
-5.7368e-03,-1.9
-5.7360e-03,-1.9
-5.7352e-03,-1.7
-5.7344e-03,-1.7
-5.7336e-03,-1.9
-5.7328e-03,-1.7
-5.7320e-03,-1.7
-5.7312e-03,-1.7
-5.7304e-03,-1.7
-5.7296e-03,-1.7
-5.7288e-03,-1.7
-5.7280e-03,-1.9
-5.7272e-03,-1.9
-5.7264e-03,-1.7
-5.7256e-03,-1.7
-5.7248e-03,-1.7
-5.7240e-03,-1.7
-5.7232e-03,-1.7
-5.7224e-03,-1.7
-5.7216e-03,-1.7
-5.7208e-03,-1.7
-5.7200e-03,-1.9
-5.7192e-03,-1.9
-5.7184e-03,-1.7
-5.7176e-03,-1.7
-5.7168e-03,-1.7
-5.7160e-03,-1.7
-5.7152e-03,-1.7
-5.7144e-03,-1.9
-5.7136e-03,-1.7
-5.7128e-03,-1.7
-5.7120e-03,-1.7
-5.7112e-03,-1.7
-5.7104e-03,-1.7
-5.7096e-03,-1.7
-5.7088e-03,-1.9
-5.7080e-03,-1.7
-5.7072e-03,-1.7
-5.7064e-03,-1.7
-5.7056e-03,-1.7
-5.7048e-03,-1.7
-5.7040e-03,-1.7
-5.7032e-03,-1.7
-5.7024e-03,-1.7
-5.7016e-03,-1.7
-5.7008e-03,-1.7
-5.7000e-03,-1.7
-5.6992e-03,-1.7
-5.6984e-03,-1.7
-5.6976e-03,-1.7
-5.6968e-03,-1.7
-5.6960e-03,-1.7
-5.6952e-03,-1.7
-5.6944e-03,-1.7
-5.6936e-03,-1.7
-5.6928e-03,-1.7
-5.6920e-03,-1.7
-5.6912e-03,-1.7
-5.6904e-03,-1.7
-5.6896e-03,-1.7
-5.6888e-03,-1.7
-5.6880e-03,-1.7
-5.6872e-03,-1.7
-5.6864e-03,-1.7
-5.6856e-03,-1.7
-5.6848e-03,-1.7
-5.6840e-03,-1.7
-5.6832e-03,-1.7
-5.6824e-03,-1.7
-5.6816e-03,-1.7
-5.6808e-03,-1.7
-5.6800e-03,-1.7
-5.6792e-03,-1.7
-5.6784e-03,-1.7
-5.6776e-03,-1.7
-5.6768e-03,-1.7
-5.6760e-03,-1.7
-5.6752e-03,-1.7
-5.6744e-03,-1.7
-5.6736e-03,-1.7
-5.6728e-03,-1.7
-5.6720e-03,-1.7
-5.6712e-03,-1.7
-5.6704e-03,-1.7
-5.6696e-03,-1.7
-5.6688e-03,-1.7
-5.6680e-03,-1.7
-5.6672e-03,-1.7
-5.6664e-03,-1.7
-5.6656e-03,-1.7
-5.6648e-03,-1.7
-5.6640e-03,-1.7
-5.6632e-03,-1.7
-5.6624e-03,-1.7
-5.6616e-03,-1.7
-5.6608e-03,-1.7
-5.6600e-03,-1.7
-5.6592e-03,-1.7
-5.6584e-03,-1.7
-5.6576e-03,-1.7
-5.6568e-03,-1.7
-5.6560e-03,-1.7
-5.6552e-03,-1.7
-5.6544e-03,-1.7
-5.6536e-03,-1.7
-5.6528e-03,-1.5
-5.6520e-03,-1.7
-5.6512e-03,-1.7
-5.6504e-03,-1.7
-5.6496e-03,-1.7
-5.6488e-03,-1.7
-5.6480e-03,-1.7
-5.6472e-03,-1.7
-5.6464e-03,-1.7
-5.6456e-03,-1.7
-5.6448e-03,-1.7
-5.6440e-03,-1.5
-5.6432e-03,-1.7
-5.6424e-03,-1.7
-5.6416e-03,-1.5
-5.6408e-03,-1.5
-5.6400e-03,-1.7
-5.6392e-03,-1.5
-5.6384e-03,-1.5
-5.6376e-03,-1.5
-5.6368e-03,-1.5
-5.6360e-03,-1.5
-5.6352e-03,-1.5
-5.6344e-03,-1.5
-5.6336e-03,-1.5
-5.6328e-03,-1.7
-5.6320e-03,-1.5
-5.6312e-03,-1.5
-5.6304e-03,-1.5
-5.6296e-03,-1.5
-5.6288e-03,-1.5
-5.6280e-03,-1.5
-5.6272e-03,-1.5
-5.6264e-03,-1.5
-5.6256e-03,-1.5
-5.6248e-03,-1.5
-5.6240e-03,-1.5
-5.6232e-03,-1.5
-5.6224e-03,-1.5
-5.6216e-03,-1.5
-5.6208e-03,-1.5
-5.6200e-03,-1.5
-5.6192e-03,-1.5
-5.6184e-03,-1.5
-5.6176e-03,-1.5
-5.6168e-03,-1.7
-5.6160e-03,-1.5
-5.6152e-03,-1.5
-5.6144e-03,-1.5
-5.6136e-03,-1.5
-5.6128e-03,-1.5
-5.6120e-03,-1.5
-5.6112e-03,-1.5
-5.6104e-03,-1.5
-5.6096e-03,-1.5
-5.6088e-03,-1.5
-5.6080e-03,-1.5
-5.6072e-03,-1.5
-5.6064e-03,-1.5
-5.6056e-03,-1.5
-5.6048e-03,-1.5
-5.6040e-03,-1.5
-5.6032e-03,-1.5
-5.6024e-03,-1.5
-5.6016e-03,-1.5
-5.6008e-03,-1.5
-5.6000e-03,-1.5
-5.5992e-03,-1.5
-5.5984e-03,-1.5
-5.5976e-03,-1.5
-5.5968e-03,-1.5
-5.5960e-03,-1.5
-5.5952e-03,-1.5
-5.5944e-03,-1.5
-5.5936e-03,-1.5
-5.5928e-03,-1.5
-5.5920e-03,-1.5
-5.5912e-03,-1.5
-5.5904e-03,-1.5
-5.5896e-03,-1.5
-5.5888e-03,-1.5
-5.5880e-03,-1.5
-5.5872e-03,-1.5
-5.5864e-03,-1.5
-5.5856e-03,-1.5
-5.5848e-03,-1.5
-5.5840e-03,-1.5
-5.5832e-03,-1.5
-5.5824e-03,-1.5
-5.5816e-03,-1.3
-5.5808e-03,-1.3
-5.5800e-03,-1.5
-5.5792e-03,-1.5
-5.5784e-03,-1.5
-5.5776e-03,-1.5
-5.5768e-03,-1.5
-5.5760e-03,-1.5
-5.5752e-03,-1.5
-5.5744e-03,-1.5
-5.5736e-03,-1.5
-5.5728e-03,-1.5
-5.5720e-03,-1.5
-5.5712e-03,-1.5
-5.5704e-03,-1.5
-5.5696e-03,-1.5
-5.5688e-03,-1.5
-5.5680e-03,-1.3
-5.5672e-03,-1.5
-5.5664e-03,-1.3
-5.5656e-03,-1.5
-5.5648e-03,-1.5
-5.5640e-03,-1.5
-5.5632e-03,-1.5
-5.5624e-03,-1.5
-5.5616e-03,-1.5
-5.5608e-03,-1.5
-5.5600e-03,-1.3
-5.5592e-03,-1.5
-5.5584e-03,-1.5
-5.5576e-03,-1.5
-5.5568e-03,-1.3
-5.5560e-03,-1.5
-5.5552e-03,-1.3
-5.5544e-03,-1.3
-5.5536e-03,-1.5
-5.5528e-03,-1.5
-5.5520e-03,-1.3
-5.5512e-03,-1.3
-5.5504e-03,-1.3
-5.5496e-03,-1.3
-5.5488e-03,-1.3
-5.5480e-03,-1.3
-5.5472e-03,-1.3
-5.5464e-03,-1.3
-5.5456e-03,-1.3
-5.5448e-03,-1.3
-5.5440e-03,-1.3
-5.5432e-03,-1.3
-5.5424e-03,-1.3
-5.5416e-03,-1.3
-5.5408e-03,-1.3
-5.5400e-03,-1.3
-5.5392e-03,-1.3
-5.5384e-03,-1.3
-5.5376e-03,-1.3
-5.5368e-03,-1.3
-5.5360e-03,-1.3
-5.5352e-03,-1.3
-5.5344e-03,-1.3
-5.5336e-03,-1.3
-5.5328e-03,-1.3
-5.5320e-03,-1.3
-5.5312e-03,-1.3
-5.5304e-03,-1.3
-5.5296e-03,-1.3
-5.5288e-03,-1.3
-5.5280e-03,-1.3
-5.5272e-03,-1.3
-5.5264e-03,-1.3
-5.5256e-03,-1.3
-5.5248e-03,-1.3
-5.5240e-03,-1.3
-5.5232e-03,-1.3
-5.5224e-03,-1.3
-5.5216e-03,-1.3
-5.5208e-03,-1.3
-5.5200e-03,-1.3
-5.5192e-03,-1.3
-5.5184e-03,-1.3
-5.5176e-03,-1.3
-5.5168e-03,-1.3
-5.5160e-03,-1.3
-5.5152e-03,-1.3
-5.5144e-03,-1.3
-5.5136e-03,-1.3
-5.5128e-03,-1.3
-5.5120e-03,-1.3
-5.5112e-03,-1.3
-5.5104e-03,-1.3
-5.5096e-03,-1.3
-5.5088e-03,-1.3
-5.5080e-03,-1.1
-5.5072e-03,-1.1
-5.5064e-03,-1.3
-5.5056e-03,-1.3
-5.5048e-03,-1.3
-5.5040e-03,-1.1
-5.5032e-03,-1.3
-5.5024e-03,-1.3
-5.5016e-03,-1.3
-5.5008e-03,-1.3
-5.5000e-03,-1.3
-5.4992e-03,-1.3
-5.4984e-03,-1.1
-5.4976e-03,-1.3
-5.4968e-03,-1.3
-5.4960e-03,-1.1
-5.4952e-03,-1.1
-5.4944e-03,-1.3
-5.4936e-03,-1.1
-5.4928e-03,-1.3
-5.4920e-03,-1.1
-5.4912e-03,-1.1
-5.4904e-03,-1.1
-5.4896e-03,-1.1
-5.4888e-03,-1.1
-5.4880e-03,-1.3
-5.4872e-03,-1.3
-5.4864e-03,-1.1
-5.4856e-03,-1.3
-5.4848e-03,-1.1
-5.4840e-03,-1.1
-5.4832e-03,-1.1
-5.4824e-03,-1.1
-5.4816e-03,-1.1
-5.4808e-03,-1.1
-5.4800e-03,-1.1
-5.4792e-03,-1.1
-5.4784e-03,-1.1
-5.4776e-03,-1.1
-5.4768e-03,-1.1
-5.4760e-03,-1.1
-5.4752e-03,-1.1
-5.4744e-03,-1.1
-5.4736e-03,-1.1
-5.4728e-03,-1.1
-5.4720e-03,-1.1
-5.4712e-03,-1.1
-5.4704e-03,-1.1
-5.4696e-03,-1.1
-5.4688e-03,-1.1
-5.4680e-03,-1.1
-5.4672e-03,-1.1
-5.4664e-03,-1.1
-5.4656e-03,-1.1
-5.4648e-03,-1.1
-5.4640e-03,-1.1
-5.4632e-03,-1.1
-5.4624e-03,-1.1
-5.4616e-03,-1.1
-5.4608e-03,-1.1
-5.4600e-03,-1.1
-5.4592e-03,-1.1
-5.4584e-03,-1.1
-5.4576e-03,-1.3
-5.4568e-03,-1.1
-5.4560e-03,-1.1
-5.4552e-03,-1.1
-5.4544e-03,-1.1
-5.4536e-03,-1.1
-5.4528e-03,-1.1
-5.4520e-03,-0.9
-5.4512e-03,-1.1
-5.4504e-03,-1.1
-5.4496e-03,-1.1
-5.4488e-03,-1.1
-5.4480e-03,-1.1
-5.4472e-03,-1.1
-5.4464e-03,-0.9
-5.4456e-03,-1.1
-5.4448e-03,-1.1
-5.4440e-03,-1.1
-5.4432e-03,-1.1
-5.4424e-03,-1.1
-5.4416e-03,-1.1
-5.4408e-03,-1.1
-5.4400e-03,-0.9
-5.4392e-03,-0.9
-5.4384e-03,-1.1
-5.4376e-03,-0.9
-5.4368e-03,-1.1
-5.4360e-03,-0.9
-5.4352e-03,-0.9
-5.4344e-03,-0.9
-5.4336e-03,-0.9
-5.4328e-03,-1.1
-5.4320e-03,-0.9
-5.4312e-03,-1.1
-5.4304e-03,-0.9
-5.4296e-03,-0.9
-5.4288e-03,-0.9
-5.4280e-03,-0.9
-5.4272e-03,-0.9
-5.4264e-03,-0.9
-5.4256e-03,-0.9
-5.4248e-03,-0.9
-5.4240e-03,-0.9
-5.4232e-03,-0.9
-5.4224e-03,-0.9
-5.4216e-03,-0.9
-5.4208e-03,-0.9
-5.4200e-03,-0.9
-5.4192e-03,-0.9
-5.4184e-03,-0.9
-5.4176e-03,-0.9
-5.4168e-03,-0.9
-5.4160e-03,-0.9
-5.4152e-03,-0.9
-5.4144e-03,-0.9
-5.4136e-03,-0.9
-5.4128e-03,-0.9
-5.4120e-03,-0.9
-5.4112e-03,-0.9
-5.4104e-03,-0.9
-5.4096e-03,-0.9
-5.4088e-03,-0.9
-5.4080e-03,-0.9
-5.4072e-03,-0.9
-5.4064e-03,-0.9
-5.4056e-03,-0.9
-5.4048e-03,-0.9
-5.4040e-03,-0.9
-5.4032e-03,-0.9
-5.4024e-03,-0.9
-5.4016e-03,-0.9
-5.4008e-03,-0.9
-5.4000e-03,-0.9
-5.3992e-03,-0.9
-5.3984e-03,-0.9
-5.3976e-03,-0.9
-5.3968e-03,-0.9
-5.3960e-03,-0.9
-5.3952e-03,-0.9
-5.3944e-03,-0.9
-5.3936e-03,-0.9
-5.3928e-03,-0.9
-5.3920e-03,-0.9
-5.3912e-03,-0.9
-5.3904e-03,-0.9
-5.3896e-03,-0.7
-5.3888e-03,-0.9
-5.3880e-03,-0.9
-5.3872e-03,-0.7
-5.3864e-03,-0.9
-5.3856e-03,-0.9
-5.3848e-03,-0.9
-5.3840e-03,-0.9
-5.3832e-03,-0.7
-5.3824e-03,-0.9
-5.3816e-03,-0.7
-5.3808e-03,-0.7
-5.3800e-03,-0.7
-5.3792e-03,-0.9
-5.3784e-03,-0.9
-5.3776e-03,-0.7
-5.3768e-03,-0.7
-5.3760e-03,-0.7
-5.3752e-03,-0.7
-5.3744e-03,-0.7
-5.3736e-03,-0.7
-5.3728e-03,-0.7
-5.3720e-03,-0.9
-5.3712e-03,-0.7
-5.3704e-03,-0.7
-5.3696e-03,-0.7
-5.3688e-03,-0.7
-5.3680e-03,-0.7
-5.3672e-03,-0.7
-5.3664e-03,-0.7
-5.3656e-03,-0.7
-5.3648e-03,-0.7
-5.3640e-03,-0.7
-5.3632e-03,-0.7
-5.3624e-03,-0.7
-5.3616e-03,-0.7
-5.3608e-03,-0.7
-5.3600e-03,-0.7
-5.3592e-03,-0.7
-5.3584e-03,-0.7
-5.3576e-03,-0.7
-5.3568e-03,-0.7
-5.3560e-03,-0.7
-5.3552e-03,-0.7
-5.3544e-03,-0.7
-5.3536e-03,-0.7
-5.3528e-03,-0.7
-5.3520e-03,-0.7
-5.3512e-03,-0.7
-5.3504e-03,-0.7
-5.3496e-03,-0.7
-5.3488e-03,-0.7
-5.3480e-03,-0.7
-5.3472e-03,-0.7
-5.3464e-03,-0.7
-5.3456e-03,-0.7
-5.3448e-03,-0.7
-5.3440e-03,-0.7
-5.3432e-03,-0.7
-5.3424e-03,-0.5
-5.3416e-03,-0.7
-5.3408e-03,-0.7
-5.3400e-03,-0.5
-5.3392e-03,-0.5
-5.3384e-03,-0.7
-5.3376e-03,-0.7
-5.3368e-03,-0.7
-5.3360e-03,-0.7
-5.3352e-03,-0.7
-5.3344e-03,-0.7
-5.3336e-03,-0.5
-5.3328e-03,-0.7
-5.3320e-03,-0.5
-5.3312e-03,-0.5
-5.3304e-03,-0.5
-5.3296e-03,-0.7
-5.3288e-03,-0.5
-5.3280e-03,-0.7
-5.3272e-03,-0.5
-5.3264e-03,-0.5
-5.3256e-03,-0.5
-5.3248e-03,-0.5
-5.3240e-03,-0.5
-5.3232e-03,-0.5
-5.3224e-03,-0.5
-5.3216e-03,-0.5
-5.3208e-03,-0.5
-5.3200e-03,-0.5
-5.3192e-03,-0.5
-5.3184e-03,-0.5
-5.3176e-03,-0.5
-5.3168e-03,-0.5
-5.3160e-03,-0.5
-5.3152e-03,-0.5
-5.3144e-03,-0.5
-5.3136e-03,-0.5
-5.3128e-03,-0.5
-5.3120e-03,-0.5
-5.3112e-03,-0.5
-5.3104e-03,-0.5
-5.3096e-03,-0.5
-5.3088e-03,-0.5
-5.3080e-03,-0.5
-5.3072e-03,-0.5
-5.3064e-03,-0.5
-5.3056e-03,-0.5
-5.3048e-03,-0.5
-5.3040e-03,-0.5
-5.3032e-03,-0.5
-5.3024e-03,-0.5
-5.3016e-03,-0.5
-5.3008e-03,-0.5
-5.3000e-03,-0.5
-5.2992e-03,-0.5
-5.2984e-03,-0.5
-5.2976e-03,-0.5
-5.2968e-03,-0.5
-5.2960e-03,-0.5
-5.2952e-03,-0.5
-5.2944e-03,-0.5
-5.2936e-03,-0.5
-5.2928e-03,-0.5
-5.2920e-03,-0.5
-5.2912e-03,-0.5
-5.2904e-03,-0.5
-5.2896e-03,-0.5
-5.2888e-03,-0.5
-5.2880e-03,-0.3
-5.2872e-03,-0.5
-5.2864e-03,-0.5
-5.2856e-03,-0.5
-5.2848e-03,-0.5
-5.2840e-03,-0.5
-5.2832e-03,-0.5
-5.2824e-03,-0.5
-5.2816e-03,-0.5
-5.2808e-03,-0.3
-5.2800e-03,-0.5
-5.2792e-03,-0.5
-5.2784e-03,-0.5
-5.2776e-03,-0.3
-5.2768e-03,-0.5
-5.2760e-03,-0.5
-5.2752e-03,-0.3
-5.2744e-03,-0.3
-5.2736e-03,-0.5
-5.2728e-03,-0.5
-5.2720e-03,-0.3
-5.2712e-03,-0.5
-5.2704e-03,-0.5
-5.2696e-03,-0.3
-5.2688e-03,-0.5
-5.2680e-03,-0.3
-5.2672e-03,-0.3
-5.2664e-03,-0.3
-5.2656e-03,-0.3
-5.2648e-03,-0.3
-5.2640e-03,-0.3
-5.2632e-03,-0.3
-5.2624e-03,-0.3
-5.2616e-03,-0.3
-5.2608e-03,-0.3
-5.2600e-03,-0.3
-5.2592e-03,-0.3
-5.2584e-03,-0.3
-5.2576e-03,-0.3
-5.2568e-03,-0.3
-5.2560e-03,-0.3
-5.2552e-03,-0.3
-5.2544e-03,-0.3
-5.2536e-03,-0.3
-5.2528e-03,-0.3
-5.2520e-03,-0.3
-5.2512e-03,-0.3
-5.2504e-03,-0.3
-5.2496e-03,-0.3
-5.2488e-03,-0.3
-5.2480e-03,-0.3
-5.2472e-03,-0.3
-5.2464e-03,-0.3
-5.2456e-03,-0.3
-5.2448e-03,-0.3
-5.2440e-03,-0.3
-5.2432e-03,-0.3
-5.2424e-03,-0.3
-5.2416e-03,-0.3
-5.2408e-03,-0.3
-5.2400e-03,-0.3
-5.2392e-03,-0.3
-5.2384e-03,-0.3
-5.2376e-03,-0.3
-5.2368e-03,-0.3
-5.2360e-03,-0.3
-5.2352e-03,-0.3
-5.2344e-03,-0.3
-5.2336e-03,-0.1
-5.2328e-03,-0.3
-5.2320e-03,-0.3
-5.2312e-03,-0.3
-5.2304e-03,-0.3
-5.2296e-03,-0.3
-5.2288e-03,-0.3
-5.2280e-03,-0.1
-5.2272e-03,-0.3
-5.2264e-03,-0.1
-5.2256e-03,-0.3
-5.2248e-03,-0.3
-5.2240e-03,-0.3
-5.2232e-03,-0.1
-5.2224e-03,-0.3
-5.2216e-03,-0.3
-5.2208e-03,-0.1
-5.2200e-03,-0.1
-5.2192e-03,-0.1
-5.2184e-03,-0.3
-5.2176e-03,-0.1
-5.2168e-03,-0.1
-5.2160e-03,-0.1
-5.2152e-03,-0.1
-5.2144e-03,-0.1
-5.2136e-03,-0.1
-5.2128e-03,-0.1
-5.2120e-03,-0.1
-5.2112e-03,-0.1
-5.2104e-03,-0.1
-5.2096e-03,-0.1
-5.2088e-03,-0.1
-5.2080e-03,-0.1
-5.2072e-03,-0.1
-5.2064e-03,-0.1
-5.2056e-03,-0.1
-5.2048e-03,-0.1
-5.2040e-03,-0.1
-5.2032e-03,-0.1
-5.2024e-03,-0.1
-5.2016e-03,-0.1
-5.2008e-03,-0.1
-5.2000e-03,-0.1
-5.1992e-03,-0.1
-5.1984e-03,-0.1
-5.1976e-03,-0.1
-5.1968e-03,-0.1
-5.1960e-03,-0.1
-5.1952e-03,-0.1
-5.1944e-03,-0.1
-5.1936e-03,-0.1
-5.1928e-03,-0.1
-5.1920e-03,-0.1
-5.1912e-03,0.1
-5.1904e-03,-0.1
-5.1896e-03,-0.1
-5.1888e-03,-0.1
-5.1880e-03,-0.1
-5.1872e-03,-0.1
-5.1864e-03,-0.1
-5.1856e-03,-0.1
-5.1848e-03,-0.1
-5.1840e-03,-0.1
-5.1832e-03,-0.1
-5.1824e-03,-0.1
-5.1816e-03,-0.1
-5.1808e-03,-0.1
-5.1800e-03,-0.1
-5.1792e-03,-0.1
-5.1784e-03,0.1
-5.1776e-03,0.1
-5.1768e-03,0.1
-5.1760e-03,-0.1
-5.1752e-03,-0.1
-5.1744e-03,-0.1
-5.1736e-03,0.1
-5.1728e-03,0.1
-5.1720e-03,0.1
-5.1712e-03,0.1
-5.1704e-03,0.1
-5.1696e-03,-0.1
-5.1688e-03,0.1
-5.1680e-03,0.1
-5.1672e-03,0.1
-5.1664e-03,0.1
-5.1656e-03,0.1
-5.1648e-03,0.1
-5.1640e-03,0.1
-5.1632e-03,0.1
-5.1624e-03,0.1
-5.1616e-03,0.1
-5.1608e-03,0.1
-5.1600e-03,0.1
-5.1592e-03,0.1
-5.1584e-03,0.1
-5.1576e-03,0.1
-5.1568e-03,0.1
-5.1560e-03,0.1
-5.1552e-03,0.1
-5.1544e-03,0.1
-5.1536e-03,0.1
-5.1528e-03,0.1
-5.1520e-03,0.1
-5.1512e-03,0.1
-5.1504e-03,0.1
-5.1496e-03,0.1
-5.1488e-03,0.1
-5.1480e-03,0.1
-5.1472e-03,0.1
-5.1464e-03,0.1
-5.1456e-03,0.1
-5.1448e-03,0.1
-5.1440e-03,0.1
-5.1432e-03,0.1
-5.1424e-03,0.1
-5.1416e-03,0.1
-5.1408e-03,0.1
-5.1400e-03,0.1
-5.1392e-03,0.1
-5.1384e-03,0.1
-5.1376e-03,0.1
-5.1368e-03,0.3
-5.1360e-03,0.1
-5.1352e-03,0.1
-5.1344e-03,0.1
-5.1336e-03,0.1
-5.1328e-03,0.1
-5.1320e-03,0.1
-5.1312e-03,0.1
-5.1304e-03,0.3
-5.1296e-03,0.1
-5.1288e-03,0.1
-5.1280e-03,0.1
-5.1272e-03,0.1
-5.1264e-03,0.1
-5.1256e-03,0.1
-5.1248e-03,0.1
-5.1240e-03,0.1
-5.1232e-03,0.1
-5.1224e-03,0.3
-5.1216e-03,0.1
-5.1208e-03,0.3
-5.1200e-03,0.3
-5.1192e-03,0.3
-5.1184e-03,0.3
-5.1176e-03,0.3
-5.1168e-03,0.3
-5.1160e-03,0.3
-5.1152e-03,0.3
-5.1144e-03,0.3
-5.1136e-03,0.3
-5.1128e-03,0.3
-5.1120e-03,0.3
-5.1112e-03,0.3
-5.1104e-03,0.3
-5.1096e-03,0.3
-5.1088e-03,0.1
-5.1080e-03,0.3
-5.1072e-03,0.1
-5.1064e-03,0.3
-5.1056e-03,0.3
-5.1048e-03,0.3
-5.1040e-03,0.3
-5.1032e-03,0.3
-5.1024e-03,0.3
-5.1016e-03,0.3
-5.1008e-03,0.3
-5.1000e-03,0.3
-5.0992e-03,0.3
-5.0984e-03,0.3
-5.0976e-03,0.3
-5.0968e-03,0.3
-5.0960e-03,0.3
-5.0952e-03,0.3
-5.0944e-03,0.3
-5.0936e-03,0.3
-5.0928e-03,0.3
-5.0920e-03,0.3
-5.0912e-03,0.3
-5.0904e-03,0.3
-5.0896e-03,0.3
-5.0888e-03,0.3
-5.0880e-03,0.3
-5.0872e-03,0.3
-5.0864e-03,0.3
-5.0856e-03,0.3
-5.0848e-03,0.3
-5.0840e-03,0.3
-5.0832e-03,0.3
-5.0824e-03,0.3
-5.0816e-03,0.3
-5.0808e-03,0.3
-5.0800e-03,0.3
-5.0792e-03,0.3
-5.0784e-03,0.3
-5.0776e-03,0.5
-5.0768e-03,0.5
-5.0760e-03,0.3
-5.0752e-03,0.3
-5.0744e-03,0.3
-5.0736e-03,0.3
-5.0728e-03,0.3
-5.0720e-03,0.3
-5.0712e-03,0.5
-5.0704e-03,0.3
-5.0696e-03,0.3
-5.0688e-03,0.3
-5.0680e-03,0.5
-5.0672e-03,0.5
-5.0664e-03,0.5
-5.0656e-03,0.5
-5.0648e-03,0.3
-5.0640e-03,0.5
-5.0632e-03,0.5
-5.0624e-03,0.5
-5.0616e-03,0.5
-5.0608e-03,0.3
-5.0600e-03,0.5
-5.0592e-03,0.3
-5.0584e-03,0.5
-5.0576e-03,0.5
-5.0568e-03,0.5
-5.0560e-03,0.5
-5.0552e-03,0.5
-5.0544e-03,0.5
-5.0536e-03,0.5
-5.0528e-03,0.5
-5.0520e-03,0.5
-5.0512e-03,0.5
-5.0504e-03,0.5
-5.0496e-03,0.5
-5.0488e-03,0.5
-5.0480e-03,0.5
-5.0472e-03,0.5
-5.0464e-03,0.5
-5.0456e-03,0.5
-5.0448e-03,0.5
-5.0440e-03,0.5
-5.0432e-03,0.5
-5.0424e-03,0.5
-5.0416e-03,0.5
-5.0408e-03,0.5
-5.0400e-03,0.5
-5.0392e-03,0.5
-5.0384e-03,0.5
-5.0376e-03,0.5
-5.0368e-03,0.7
-5.0360e-03,0.5
-5.0352e-03,0.5
-5.0344e-03,0.5
-5.0336e-03,0.5
-5.0328e-03,0.5
-5.0320e-03,0.7
-5.0312e-03,0.5
-5.0304e-03,0.5
-5.0296e-03,0.5
-5.0288e-03,0.5
-5.0280e-03,0.5
-5.0272e-03,0.7
-5.0264e-03,0.5
-5.0256e-03,0.5
-5.0248e-03,0.5
-5.0240e-03,0.7
-5.0232e-03,0.7
-5.0224e-03,0.7
-5.0216e-03,0.7
-5.0208e-03,0.7
-5.0200e-03,0.7
-5.0192e-03,0.7
-5.0184e-03,0.5
-5.0176e-03,0.7
-5.0168e-03,0.5
-5.0160e-03,0.7
-5.0152e-03,0.7
-5.0144e-03,0.7
-5.0136e-03,0.7
-5.0128e-03,0.7
-5.0120e-03,0.7
-5.0112e-03,0.7
-5.0104e-03,0.7
-5.0096e-03,0.5
-5.0088e-03,0.7
-5.0080e-03,0.7
-5.0072e-03,0.7
-5.0064e-03,0.7
-5.0056e-03,0.5
-5.0048e-03,0.7
-5.0040e-03,0.7
-5.0032e-03,0.7
-5.0024e-03,0.7
-5.0016e-03,0.7
-5.0008e-03,0.7
-5.0000e-03,0.7
-4.9992e-03,0.7
-4.9984e-03,0.7
-4.9976e-03,0.7
-4.9968e-03,0.7
-4.9960e-03,0.7
-4.9952e-03,0.7
-4.9944e-03,0.7
-4.9936e-03,0.7
-4.9928e-03,0.7
-4.9920e-03,0.7
-4.9912e-03,0.7
-4.9904e-03,0.7
-4.9896e-03,0.7
-4.9888e-03,0.7
-4.9880e-03,0.7
-4.9872e-03,0.7
-4.9864e-03,0.7
-4.9856e-03,0.7
-4.9848e-03,0.7
-4.9840e-03,0.7
-4.9832e-03,0.7
-4.9824e-03,0.7
-4.9816e-03,0.7
-4.9808e-03,0.7
-4.9800e-03,0.7
-4.9792e-03,0.7
-4.9784e-03,0.7
-4.9776e-03,0.7
-4.9768e-03,0.7
-4.9760e-03,0.7
-4.9752e-03,0.9
-4.9744e-03,0.7
-4.9736e-03,0.9
-4.9728e-03,0.9
-4.9720e-03,0.7
-4.9712e-03,0.7
-4.9704e-03,0.7
-4.9696e-03,0.7
-4.9688e-03,0.9
-4.9680e-03,0.9
-4.9672e-03,0.7
-4.9664e-03,0.7
-4.9656e-03,0.7
-4.9648e-03,0.7
-4.9640e-03,0.9
-4.9632e-03,0.7
-4.9624e-03,0.7
-4.9616e-03,0.9
-4.9608e-03,0.9
-4.9600e-03,0.9
-4.9592e-03,0.9
-4.9584e-03,0.9
-4.9576e-03,0.9
-4.9568e-03,0.9
-4.9560e-03,0.9
-4.9552e-03,0.9
-4.9544e-03,0.9
-4.9536e-03,0.9
-4.9528e-03,0.9
-4.9520e-03,0.9
-4.9512e-03,0.9
-4.9504e-03,0.9
-4.9496e-03,0.9
-4.9488e-03,0.9
-4.9480e-03,0.9
-4.9472e-03,0.9
-4.9464e-03,0.9
-4.9456e-03,0.9
-4.9448e-03,0.9
-4.9440e-03,0.9
-4.9432e-03,0.9
-4.9424e-03,0.9
-4.9416e-03,0.9
-4.9408e-03,0.9
-4.9400e-03,0.9
-4.9392e-03,0.9
-4.9384e-03,0.9
-4.9376e-03,0.9
-4.9368e-03,0.9
-4.9360e-03,0.9
-4.9352e-03,0.9
-4.9344e-03,0.9
-4.9336e-03,0.9
-4.9328e-03,0.9
-4.9320e-03,0.9
-4.9312e-03,0.9
-4.9304e-03,0.9
-4.9296e-03,0.9
-4.9288e-03,0.9
-4.9280e-03,0.9
-4.9272e-03,0.9
-4.9264e-03,0.9
-4.9256e-03,0.9
-4.9248e-03,0.9
-4.9240e-03,1.1
-4.9232e-03,0.9
-4.9224e-03,0.9
-4.9216e-03,0.9
-4.9208e-03,0.9
-4.9200e-03,0.9
-4.9192e-03,0.9
-4.9184e-03,0.9
-4.9176e-03,0.9
-4.9168e-03,0.9
-4.9160e-03,0.9
-4.9152e-03,0.9
-4.9144e-03,0.9
-4.9136e-03,0.9
-4.9128e-03,1.1
-4.9120e-03,1.1
-4.9112e-03,1.1
-4.9104e-03,1.1
-4.9096e-03,0.9
-4.9088e-03,0.9
-4.9080e-03,1.1
-4.9072e-03,1.1
-4.9064e-03,1.1
-4.9056e-03,1.1
-4.9048e-03,1.1
-4.9040e-03,1.1
-4.9032e-03,1.1
-4.9024e-03,1.1
-4.9016e-03,1.1
-4.9008e-03,1.1
-4.9000e-03,1.1
-4.8992e-03,1.1
-4.8984e-03,1.1
-4.8976e-03,1.1
-4.8968e-03,1.1
-4.8960e-03,1.1
-4.8952e-03,1.1
-4.8944e-03,1.1
-4.8936e-03,1.1
-4.8928e-03,1.1
-4.8920e-03,1.1
-4.8912e-03,1.1
-4.8904e-03,1.1
-4.8896e-03,1.1
-4.8888e-03,1.1
-4.8880e-03,1.1
-4.8872e-03,1.1
-4.8864e-03,1.1
-4.8856e-03,1.1
-4.8848e-03,1.1
-4.8840e-03,1.1
-4.8832e-03,1.1
-4.8824e-03,1.1
-4.8816e-03,1.1
-4.8808e-03,1.1
-4.8800e-03,1.1
-4.8792e-03,1.1
-4.8784e-03,1.1
-4.8776e-03,1.1
-4.8768e-03,1.1
-4.8760e-03,1.1
-4.8752e-03,1.1
-4.8744e-03,1.1
-4.8736e-03,1.1
-4.8728e-03,1.1
-4.8720e-03,1.1
-4.8712e-03,1.1
-4.8704e-03,1.1
-4.8696e-03,1.1
-4.8688e-03,1.1
-4.8680e-03,1.1
-4.8672e-03,1.1
-4.8664e-03,1.1
-4.8656e-03,1.1
-4.8648e-03,1.1
-4.8640e-03,1.3
-4.8632e-03,1.3
-4.8624e-03,1.3
-4.8616e-03,1.1
-4.8608e-03,1.1
-4.8600e-03,1.3
-4.8592e-03,1.3
-4.8584e-03,1.3
-4.8576e-03,1.3
-4.8568e-03,1.3
-4.8560e-03,1.3
-4.8552e-03,1.3
-4.8544e-03,1.3
-4.8536e-03,1.3
-4.8528e-03,1.3
-4.8520e-03,1.3
-4.8512e-03,1.3
-4.8504e-03,1.3
-4.8496e-03,1.3
-4.8488e-03,1.3
-4.8480e-03,1.3
-4.8472e-03,1.3
-4.8464e-03,1.3
-4.8456e-03,1.3
-4.8448e-03,1.3
-4.8440e-03,1.3
-4.8432e-03,1.3
-4.8424e-03,1.3
-4.8416e-03,1.3
-4.8408e-03,1.3
-4.8400e-03,1.3
-4.8392e-03,1.3
-4.8384e-03,1.3
-4.8376e-03,1.3
-4.8368e-03,1.3
-4.8360e-03,1.3
-4.8352e-03,1.3
-4.8344e-03,1.3
-4.8336e-03,1.3
-4.8328e-03,1.3
-4.8320e-03,1.3
-4.8312e-03,1.3
-4.8304e-03,1.3
-4.8296e-03,1.3
-4.8288e-03,1.3
-4.8280e-03,1.3
-4.8272e-03,1.3
-4.8264e-03,1.3
-4.8256e-03,1.3
-4.8248e-03,1.3
-4.8240e-03,1.3
-4.8232e-03,1.3
-4.8224e-03,1.3
-4.8216e-03,1.3
-4.8208e-03,1.3
-4.8200e-03,1.3
-4.8192e-03,1.5
-4.8184e-03,1.5
-4.8176e-03,1.3
-4.8168e-03,1.5
-4.8160e-03,1.3
-4.8152e-03,1.5
-4.8144e-03,1.3
-4.8136e-03,1.3
-4.8128e-03,1.5
-4.8120e-03,1.5
-4.8112e-03,1.5
-4.8104e-03,1.3
-4.8096e-03,1.5
-4.8088e-03,1.5
-4.8080e-03,1.5
-4.8072e-03,1.5
-4.8064e-03,1.3
-4.8056e-03,1.5
-4.8048e-03,1.5
-4.8040e-03,1.5
-4.8032e-03,1.5
-4.8024e-03,1.5
-4.8016e-03,1.3
-4.8008e-03,1.5
-4.8000e-03,1.5
-4.7992e-03,1.5
-4.7984e-03,1.5
-4.7976e-03,1.5
-4.7968e-03,1.5
-4.7960e-03,1.5
-4.7952e-03,1.5
-4.7944e-03,1.5
-4.7936e-03,1.5
-4.7928e-03,1.5
-4.7920e-03,1.5
-4.7912e-03,1.5
-4.7904e-03,1.5
-4.7896e-03,1.5
-4.7888e-03,1.5
-4.7880e-03,1.5
-4.7872e-03,1.5
-4.7864e-03,1.5
-4.7856e-03,1.5
-4.7848e-03,1.5
-4.7840e-03,1.5
-4.7832e-03,1.5
-4.7824e-03,1.5
-4.7816e-03,1.5
-4.7808e-03,1.5
-4.7800e-03,1.5
-4.7792e-03,1.5
-4.7784e-03,1.5
-4.7776e-03,1.5
-4.7768e-03,1.5
-4.7760e-03,1.5
-4.7752e-03,1.5
-4.7744e-03,1.5
-4.7736e-03,1.5
-4.7728e-03,1.5
-4.7720e-03,1.5
-4.7712e-03,1.5
-4.7704e-03,1.5
-4.7696e-03,1.5
-4.7688e-03,1.5
-4.7680e-03,1.7
-4.7672e-03,1.5
-4.7664e-03,1.5
-4.7656e-03,1.5
-4.7648e-03,1.5
-4.7640e-03,1.5
-4.7632e-03,1.5
-4.7624e-03,1.7
-4.7616e-03,1.5
-4.7608e-03,1.5
-4.7600e-03,1.7
-4.7592e-03,1.7
-4.7584e-03,1.5
-4.7576e-03,1.7
-4.7568e-03,1.5
-4.7560e-03,1.5
-4.7552e-03,1.5
-4.7544e-03,1.7
-4.7536e-03,1.7
-4.7528e-03,1.7
-4.7520e-03,1.7
-4.7512e-03,1.5
-4.7504e-03,1.5
-4.7496e-03,1.7
-4.7488e-03,1.7
-4.7480e-03,1.7
-4.7472e-03,1.7
-4.7464e-03,1.7
-4.7456e-03,1.7
-4.7448e-03,1.7
-4.7440e-03,1.7
-4.7432e-03,1.5
-4.7424e-03,1.7
-4.7416e-03,1.7
-4.7408e-03,1.7
-4.7400e-03,1.7
-4.7392e-03,1.7
-4.7384e-03,1.7
-4.7376e-03,1.7
-4.7368e-03,1.7
-4.7360e-03,1.7
-4.7352e-03,1.7
-4.7344e-03,1.7
-4.7336e-03,1.7
-4.7328e-03,1.7
-4.7320e-03,1.7
-4.7312e-03,1.7
-4.7304e-03,1.7
-4.7296e-03,1.7
-4.7288e-03,1.7
-4.7280e-03,1.7
-4.7272e-03,1.7
-4.7264e-03,1.7
-4.7256e-03,1.7
-4.7248e-03,1.7
-4.7240e-03,1.7
-4.7232e-03,1.7
-4.7224e-03,1.7
-4.7216e-03,1.7
-4.7208e-03,1.7
-4.7200e-03,1.7
-4.7192e-03,1.7
-4.7184e-03,1.7
-4.7176e-03,1.9
-4.7168e-03,1.7
-4.7160e-03,1.7
-4.7152e-03,1.9
-4.7144e-03,1.7
-4.7136e-03,1.9
-4.7128e-03,1.7
-4.7120e-03,1.9
-4.7112e-03,1.7
-4.7104e-03,1.9
-4.7096e-03,1.9
-4.7088e-03,1.7
-4.7080e-03,1.7
-4.7072e-03,1.9
-4.7064e-03,1.7
-4.7056e-03,1.7
-4.7048e-03,1.7
-4.7040e-03,1.9
-4.7032e-03,1.9
-4.7024e-03,1.7
-4.7016e-03,1.9
-4.7008e-03,1.9
-4.7000e-03,1.9
-4.6992e-03,1.9
-4.6984e-03,1.9
-4.6976e-03,1.7
-4.6968e-03,1.9
-4.6960e-03,1.9
-4.6952e-03,1.7
-4.6944e-03,1.9
-4.6936e-03,1.9
-4.6928e-03,1.9
-4.6920e-03,1.9
-4.6912e-03,1.9
-4.6904e-03,1.9
-4.6896e-03,1.9
-4.6888e-03,1.9
-4.6880e-03,1.9
-4.6872e-03,1.9
-4.6864e-03,1.9
-4.6856e-03,1.9
-4.6848e-03,1.9
-4.6840e-03,1.9
-4.6832e-03,1.9
-4.6824e-03,1.9
-4.6816e-03,1.9
-4.6808e-03,1.9
-4.6800e-03,1.9
-4.6792e-03,1.9
-4.6784e-03,1.9
-4.6776e-03,1.9
-4.6768e-03,1.9
-4.6760e-03,1.9
-4.6752e-03,1.9
-4.6744e-03,1.9
-4.6736e-03,1.9
-4.6728e-03,1.9
-4.6720e-03,1.9
-4.6712e-03,1.9
-4.6704e-03,1.9
-4.6696e-03,1.9
-4.6688e-03,1.9
-4.6680e-03,1.9
-4.6672e-03,1.9
-4.6664e-03,1.9
-4.6656e-03,1.9
-4.6648e-03,1.9
-4.6640e-03,1.9
-4.6632e-03,1.9
-4.6624e-03,1.9
-4.6616e-03,1.9
-4.6608e-03,1.9
-4.6600e-03,1.9
-4.6592e-03,1.9
-4.6584e-03,1.9
-4.6576e-03,1.9
-4.6568e-03,1.9
-4.6560e-03,1.9
-4.6552e-03,1.9
-4.6544e-03,1.9
-4.6536e-03,1.9
-4.6528e-03,1.9
-4.6520e-03,1.9
-4.6512e-03,1.9
-4.6504e-03,1.9
-4.6496e-03,1.9
-4.6488e-03,1.9
-4.6480e-03,1.9
-4.6472e-03,1.9
-4.6464e-03,1.9
-4.6456e-03,2.1
-4.6448e-03,1.9
-4.6440e-03,1.9
-4.6432e-03,2.1
-4.6424e-03,2.1
-4.6416e-03,2.1
-4.6408e-03,1.9
-4.6400e-03,1.9
-4.6392e-03,1.9
-4.6384e-03,2.1
-4.6376e-03,1.9
-4.6368e-03,1.9
-4.6360e-03,2.1
-4.6352e-03,2.1
-4.6344e-03,2.1
-4.6336e-03,2.1
-4.6328e-03,2.1
-4.6320e-03,2.1
-4.6312e-03,1.9
-4.6304e-03,2.1
-4.6296e-03,1.9
-4.6288e-03,2.1
-4.6280e-03,2.1
-4.6272e-03,2.1
-4.6264e-03,1.9
-4.6256e-03,2.1
-4.6248e-03,2.1
-4.6240e-03,1.9
-4.6232e-03,2.1
-4.6224e-03,2.1
-4.6216e-03,2.1
-4.6208e-03,2.1
-4.6200e-03,2.1
-4.6192e-03,2.1
-4.6184e-03,2.1
-4.6176e-03,2.1
-4.6168e-03,2.1
-4.6160e-03,2.1
-4.6152e-03,2.1
-4.6144e-03,2.1
-4.6136e-03,2.1
-4.6128e-03,2.1
-4.6120e-03,2.1
-4.6112e-03,2.1
-4.6104e-03,2.1
-4.6096e-03,2.1
-4.6088e-03,2.1
-4.6080e-03,2.1
-4.6072e-03,2.1
-4.6064e-03,2.1
-4.6056e-03,2.1
-4.6048e-03,2.1
-4.6040e-03,2.1
-4.6032e-03,2.1
-4.6024e-03,2.1
-4.6016e-03,2.1
-4.6008e-03,1.9
-4.6000e-03,2.1
-4.5992e-03,2.1
-4.5984e-03,2.1
-4.5976e-03,2.1
-4.5968e-03,2.1
-4.5960e-03,2.1
-4.5952e-03,2.1
-4.5944e-03,2.1
-4.5936e-03,2.1
-4.5928e-03,2.1
-4.5920e-03,2.1
-4.5912e-03,2.1
-4.5904e-03,2.1
-4.5896e-03,2.1
-4.5888e-03,2.1
-4.5880e-03,2.3
-4.5872e-03,2.3
-4.5864e-03,2.1
-4.5856e-03,2.1
-4.5848e-03,2.1
-4.5840e-03,2.1
-4.5832e-03,2.1
-4.5824e-03,2.1
-4.5816e-03,2.1
-4.5808e-03,2.1
-4.5800e-03,2.3
-4.5792e-03,2.1
-4.5784e-03,2.1
-4.5776e-03,2.1
-4.5768e-03,2.1
-4.5760e-03,2.1
-4.5752e-03,2.3
-4.5744e-03,2.1
-4.5736e-03,2.1
-4.5728e-03,2.1
-4.5720e-03,2.3
-4.5712e-03,2.1
-4.5704e-03,2.1
-4.5696e-03,2.3
-4.5688e-03,2.1
-4.5680e-03,2.3
-4.5672e-03,2.3
-4.5664e-03,2.1
-4.5656e-03,2.1
-4.5648e-03,2.3
-4.5640e-03,2.1
-4.5632e-03,2.3
-4.5624e-03,2.3
-4.5616e-03,2.3
-4.5608e-03,2.3
-4.5600e-03,2.3
-4.5592e-03,2.3
-4.5584e-03,2.3
-4.5576e-03,2.3
-4.5568e-03,2.3
-4.5560e-03,2.3
-4.5552e-03,2.3
-4.5544e-03,2.3
-4.5536e-03,2.3
-4.5528e-03,2.3
-4.5520e-03,2.3
-4.5512e-03,2.3
-4.5504e-03,2.3
-4.5496e-03,2.3
-4.5488e-03,2.3
-4.5480e-03,2.3
-4.5472e-03,2.3
-4.5464e-03,2.3
-4.5456e-03,2.3
-4.5448e-03,2.3
-4.5440e-03,2.3
-4.5432e-03,2.3
-4.5424e-03,2.3
-4.5416e-03,2.3
-4.5408e-03,2.3
-4.5400e-03,2.3
-4.5392e-03,2.3
-4.5384e-03,2.3
-4.5376e-03,2.3
-4.5368e-03,2.1
-4.5360e-03,2.3
-4.5352e-03,2.3
-4.5344e-03,2.3
-4.5336e-03,2.3
-4.5328e-03,2.3
-4.5320e-03,2.3
-4.5312e-03,2.3
-4.5304e-03,2.3
-4.5296e-03,2.3
-4.5288e-03,2.3
-4.5280e-03,2.3
-4.5272e-03,2.3
-4.5264e-03,2.3
-4.5256e-03,2.3
-4.5248e-03,2.3
-4.5240e-03,2.3
-4.5232e-03,2.3
-4.5224e-03,2.3
-4.5216e-03,2.3
-4.5208e-03,2.3
-4.5200e-03,2.3
-4.5192e-03,2.3
-4.5184e-03,2.3
-4.5176e-03,2.3
-4.5168e-03,2.3
-4.5160e-03,2.3
-4.5152e-03,2.3
-4.5144e-03,2.3
-4.5136e-03,2.3
-4.5128e-03,2.3
-4.5120e-03,2.3
-4.5112e-03,2.3
-4.5104e-03,2.3
-4.5096e-03,2.3
-4.5088e-03,2.3
-4.5080e-03,2.3
-4.5072e-03,2.3
-4.5064e-03,2.3
-4.5056e-03,2.3
-4.5048e-03,2.3
-4.5040e-03,2.3
-4.5032e-03,2.3
-4.5024e-03,2.3
-4.5016e-03,2.3
-4.5008e-03,2.3
-4.5000e-03,2.3
-4.4992e-03,2.3
-4.4984e-03,2.3
-4.4976e-03,2.3
-4.4968e-03,2.3
-4.4960e-03,2.3
-4.4952e-03,2.3
-4.4944e-03,2.5
-4.4936e-03,2.3
-4.4928e-03,2.3
-4.4920e-03,2.3
-4.4912e-03,2.3
-4.4904e-03,2.3
-4.4896e-03,2.3
-4.4888e-03,2.3
-4.4880e-03,2.3
-4.4872e-03,2.3
-4.4864e-03,2.3
-4.4856e-03,2.3
-4.4848e-03,2.3
-4.4840e-03,2.3
-4.4832e-03,2.3
-4.4824e-03,2.3
-4.4816e-03,2.5
-4.4808e-03,2.3
-4.4800e-03,2.5
-4.4792e-03,2.5
-4.4784e-03,2.5
-4.4776e-03,2.5
-4.4768e-03,2.5
-4.4760e-03,2.5
-4.4752e-03,2.3
-4.4744e-03,2.5
-4.4736e-03,2.3
-4.4728e-03,2.5
-4.4720e-03,2.5
-4.4712e-03,2.5
-4.4704e-03,2.3
-4.4696e-03,2.5
-4.4688e-03,2.5
-4.4680e-03,2.5
-4.4672e-03,2.5
-4.4664e-03,2.5
-4.4656e-03,2.5
-4.4648e-03,2.5
-4.4640e-03,2.5
-4.4632e-03,2.5
-4.4624e-03,2.5
-4.4616e-03,2.5
-4.4608e-03,2.5
-4.4600e-03,2.5
-4.4592e-03,2.5
-4.4584e-03,2.5
-4.4576e-03,2.5
-4.4568e-03,2.5
-4.4560e-03,2.5
-4.4552e-03,2.5
-4.4544e-03,2.5
-4.4536e-03,2.5
-4.4528e-03,2.5
-4.4520e-03,2.5
-4.4512e-03,2.5
-4.4504e-03,2.5
-4.4496e-03,2.5
-4.4488e-03,2.5
-4.4480e-03,2.5
-4.4472e-03,2.5
-4.4464e-03,2.5
-4.4456e-03,2.5
-4.4448e-03,2.5
-4.4440e-03,2.5
-4.4432e-03,2.5
-4.4424e-03,2.5
-4.4416e-03,2.5
-4.4408e-03,2.5
-4.4400e-03,2.5
-4.4392e-03,2.5
-4.4384e-03,2.5
-4.4376e-03,2.5
-4.4368e-03,2.5
-4.4360e-03,2.5
-4.4352e-03,2.5
-4.4344e-03,2.5
-4.4336e-03,2.5
-4.4328e-03,2.5
-4.4320e-03,2.5
-4.4312e-03,2.5
-4.4304e-03,2.5
-4.4296e-03,2.5
-4.4288e-03,2.5
-4.4280e-03,2.5
-4.4272e-03,2.5
-4.4264e-03,2.5
-4.4256e-03,2.5
-4.4248e-03,2.5
-4.4240e-03,2.5
-4.4232e-03,2.5
-4.4224e-03,2.5
-4.4216e-03,2.5
-4.4208e-03,2.5
-4.4200e-03,2.5
-4.4192e-03,2.5
-4.4184e-03,2.5
-4.4176e-03,2.5
-4.4168e-03,2.5
-4.4160e-03,2.5
-4.4152e-03,2.5
-4.4144e-03,2.5
-4.4136e-03,2.5
-4.4128e-03,2.5
-4.4120e-03,2.5
-4.4112e-03,2.5
-4.4104e-03,2.5
-4.4096e-03,2.5
-4.4088e-03,2.5
-4.4080e-03,2.5
-4.4072e-03,2.5
-4.4064e-03,2.5
-4.4056e-03,2.5
-4.4048e-03,2.5
-4.4040e-03,2.5
-4.4032e-03,2.5
-4.4024e-03,2.5
-4.4016e-03,2.5
-4.4008e-03,2.5
-4.4000e-03,2.5
-4.3992e-03,2.5
-4.3984e-03,2.5
-4.3976e-03,2.5
-4.3968e-03,2.5
-4.3960e-03,2.5
-4.3952e-03,2.5
-4.3944e-03,2.5
-4.3936e-03,2.5
-4.3928e-03,2.7
-4.3920e-03,2.5
-4.3912e-03,2.7
-4.3904e-03,2.7
-4.3896e-03,2.5
-4.3888e-03,2.5
-4.3880e-03,2.5
-4.3872e-03,2.5
-4.3864e-03,2.5
-4.3856e-03,2.5
-4.3848e-03,2.5
-4.3840e-03,2.5
-4.3832e-03,2.5
-4.3824e-03,2.5
-4.3816e-03,2.5
-4.3808e-03,2.5
-4.3800e-03,2.5
-4.3792e-03,2.5
-4.3784e-03,2.5
-4.3776e-03,2.5
-4.3768e-03,2.5
-4.3760e-03,2.5
-4.3752e-03,2.5
-4.3744e-03,2.5
-4.3736e-03,2.5
-4.3728e-03,2.5
-4.3720e-03,2.5
-4.3712e-03,2.7
-4.3704e-03,2.7
-4.3696e-03,2.7
-4.3688e-03,2.5
-4.3680e-03,2.7
-4.3672e-03,2.5
-4.3664e-03,2.5
-4.3656e-03,2.7
-4.3648e-03,2.7
-4.3640e-03,2.7
-4.3632e-03,2.7
-4.3624e-03,2.5
-4.3616e-03,2.5
-4.3608e-03,2.7
-4.3600e-03,2.7
-4.3592e-03,2.5
-4.3584e-03,2.7
-4.3576e-03,2.7
-4.3568e-03,2.7
-4.3560e-03,2.7
-4.3552e-03,2.7
-4.3544e-03,2.5
-4.3536e-03,2.7
-4.3528e-03,2.7
-4.3520e-03,2.7
-4.3512e-03,2.7
-4.3504e-03,2.7
-4.3496e-03,2.7
-4.3488e-03,2.7
-4.3480e-03,2.5
-4.3472e-03,2.7
-4.3464e-03,2.7
-4.3456e-03,2.7
-4.3448e-03,2.7
-4.3440e-03,2.5
-4.3432e-03,2.7
-4.3424e-03,2.7
-4.3416e-03,2.7
-4.3408e-03,2.7
-4.3400e-03,2.7
-4.3392e-03,2.7
-4.3384e-03,2.7
-4.3376e-03,2.7
-4.3368e-03,2.7
-4.3360e-03,2.7
-4.3352e-03,2.7
-4.3344e-03,2.7
-4.3336e-03,2.7
-4.3328e-03,2.7
-4.3320e-03,2.7
-4.3312e-03,2.7
-4.3304e-03,2.7
-4.3296e-03,2.7
-4.3288e-03,2.5
-4.3280e-03,2.7
-4.3272e-03,2.7
-4.3264e-03,2.7
-4.3256e-03,2.7
-4.3248e-03,2.7
-4.3240e-03,2.7
-4.3232e-03,2.7
-4.3224e-03,2.7
-4.3216e-03,2.7
-4.3208e-03,2.7
-4.3200e-03,2.7
-4.3192e-03,2.7
-4.3184e-03,2.7
-4.3176e-03,2.7
-4.3168e-03,2.5
-4.3160e-03,2.7
-4.3152e-03,2.7
-4.3144e-03,2.5
-4.3136e-03,2.7
-4.3128e-03,2.7
-4.3120e-03,2.7
-4.3112e-03,2.7
-4.3104e-03,2.7
-4.3096e-03,2.7
-4.3088e-03,2.7
-4.3080e-03,2.7
-4.3072e-03,2.7
-4.3064e-03,2.7
-4.3056e-03,2.7
-4.3048e-03,2.7
-4.3040e-03,2.7
-4.3032e-03,2.7
-4.3024e-03,2.7
-4.3016e-03,2.7
-4.3008e-03,2.7
-4.3000e-03,2.7
-4.2992e-03,2.7
-4.2984e-03,2.7
-4.2976e-03,2.7
-4.2968e-03,2.7
-4.2960e-03,2.7
-4.2952e-03,2.7
-4.2944e-03,2.7
-4.2936e-03,2.7
-4.2928e-03,2.7
-4.2920e-03,2.7
-4.2912e-03,2.7
-4.2904e-03,2.7
-4.2896e-03,2.7
-4.2888e-03,2.7
-4.2880e-03,2.7
-4.2872e-03,2.7
-4.2864e-03,2.7
-4.2856e-03,2.7
-4.2848e-03,2.7
-4.2840e-03,2.7
-4.2832e-03,2.7
-4.2824e-03,2.7
-4.2816e-03,2.7
-4.2808e-03,2.7
-4.2800e-03,2.7
-4.2792e-03,2.7
-4.2784e-03,2.7
-4.2776e-03,2.7
-4.2768e-03,2.7
-4.2760e-03,2.7
-4.2752e-03,2.7
-4.2744e-03,2.7
-4.2736e-03,2.7
-4.2728e-03,2.7
-4.2720e-03,2.7
-4.2712e-03,2.7
-4.2704e-03,2.7
-4.2696e-03,2.7
-4.2688e-03,2.7
-4.2680e-03,2.7
-4.2672e-03,2.7
-4.2664e-03,2.7
-4.2656e-03,2.7
-4.2648e-03,2.7
-4.2640e-03,2.7
-4.2632e-03,2.7
-4.2624e-03,2.7
-4.2616e-03,2.7
-4.2608e-03,2.7
-4.2600e-03,2.7
-4.2592e-03,2.7
-4.2584e-03,2.7
-4.2576e-03,2.7
-4.2568e-03,2.7
-4.2560e-03,2.7
-4.2552e-03,2.7
-4.2544e-03,2.7
-4.2536e-03,2.7
-4.2528e-03,2.7
-4.2520e-03,2.7
-4.2512e-03,2.7
-4.2504e-03,2.7
-4.2496e-03,2.7
-4.2488e-03,2.7
-4.2480e-03,2.7
-4.2472e-03,2.7
-4.2464e-03,2.7
-4.2456e-03,2.7
-4.2448e-03,2.7
-4.2440e-03,2.7
-4.2432e-03,2.7
-4.2424e-03,2.7
-4.2416e-03,2.7
-4.2408e-03,2.7
-4.2400e-03,2.7
-4.2392e-03,2.7
-4.2384e-03,2.7
-4.2376e-03,2.7
-4.2368e-03,2.7
-4.2360e-03,2.9
-4.2352e-03,2.7
-4.2344e-03,2.7
-4.2336e-03,2.7
-4.2328e-03,2.7
-4.2320e-03,2.7
-4.2312e-03,2.7
-4.2304e-03,2.7
-4.2296e-03,2.7
-4.2288e-03,2.7
-4.2280e-03,2.7
-4.2272e-03,2.7
-4.2264e-03,2.7
-4.2256e-03,2.7
-4.2248e-03,2.7
-4.2240e-03,2.7
-4.2232e-03,2.7
-4.2224e-03,2.7
-4.2216e-03,2.7
-4.2208e-03,2.7
-4.2200e-03,2.7
-4.2192e-03,2.7
-4.2184e-03,2.7
-4.2176e-03,2.7
-4.2168e-03,2.7
-4.2160e-03,2.7
-4.2152e-03,2.7
-4.2144e-03,2.7
-4.2136e-03,2.7
-4.2128e-03,2.7
-4.2120e-03,2.7
-4.2112e-03,2.7
-4.2104e-03,2.7
-4.2096e-03,2.7
-4.2088e-03,2.7
-4.2080e-03,2.7
-4.2072e-03,2.7
-4.2064e-03,2.7
-4.2056e-03,2.7
-4.2048e-03,2.7
-4.2040e-03,2.7
-4.2032e-03,2.7
-4.2024e-03,2.7
-4.2016e-03,2.7
-4.2008e-03,2.7
-4.2000e-03,2.7
-4.1992e-03,2.7
-4.1984e-03,2.7
-4.1976e-03,2.9
-4.1968e-03,2.7
-4.1960e-03,2.7
-4.1952e-03,2.7
-4.1944e-03,2.7
-4.1936e-03,2.7
-4.1928e-03,2.7
-4.1920e-03,2.7
-4.1912e-03,2.7
-4.1904e-03,2.7
-4.1896e-03,2.7
-4.1888e-03,2.7
-4.1880e-03,2.7
-4.1872e-03,2.7
-4.1864e-03,2.7
-4.1856e-03,2.7
-4.1848e-03,2.7
-4.1840e-03,2.7
-4.1832e-03,2.7
-4.1824e-03,2.7
-4.1816e-03,2.7
-4.1808e-03,2.7
-4.1800e-03,2.7
-4.1792e-03,2.7
-4.1784e-03,2.9
-4.1776e-03,2.7
-4.1768e-03,2.7
-4.1760e-03,2.9
-4.1752e-03,2.7
-4.1744e-03,2.7
-4.1736e-03,2.7
-4.1728e-03,2.7
-4.1720e-03,2.7
-4.1712e-03,2.7
-4.1704e-03,2.7
-4.1696e-03,2.7
-4.1688e-03,2.7
-4.1680e-03,2.7
-4.1672e-03,2.7
-4.1664e-03,2.7
-4.1656e-03,2.7
-4.1648e-03,2.7
-4.1640e-03,2.7
-4.1632e-03,2.7
-4.1624e-03,2.7
-4.1616e-03,2.7
-4.1608e-03,2.7
-4.1600e-03,2.7
-4.1592e-03,2.7
-4.1584e-03,2.7
-4.1576e-03,2.7
-4.1568e-03,2.7
-4.1560e-03,2.7
-4.1552e-03,2.7
-4.1544e-03,2.7
-4.1536e-03,2.7
-4.1528e-03,2.7
-4.1520e-03,2.7
-4.1512e-03,2.7
-4.1504e-03,2.7
-4.1496e-03,2.7
-4.1488e-03,2.7
-4.1480e-03,2.7
-4.1472e-03,2.7
-4.1464e-03,2.7
-4.1456e-03,2.7
-4.1448e-03,2.7
-4.1440e-03,2.7
-4.1432e-03,2.7
-4.1424e-03,2.7
-4.1416e-03,2.7
-4.1408e-03,2.7
-4.1400e-03,2.7
-4.1392e-03,2.7
-4.1384e-03,2.7
-4.1376e-03,2.7
-4.1368e-03,2.7
-4.1360e-03,2.7
-4.1352e-03,2.7
-4.1344e-03,2.7
-4.1336e-03,2.7
-4.1328e-03,2.7
-4.1320e-03,2.7
-4.1312e-03,2.7
-4.1304e-03,2.7
-4.1296e-03,2.7
-4.1288e-03,2.7
-4.1280e-03,2.7
-4.1272e-03,2.7
-4.1264e-03,2.7
-4.1256e-03,2.7
-4.1248e-03,2.7
-4.1240e-03,2.7
-4.1232e-03,2.7
-4.1224e-03,2.7
-4.1216e-03,2.7
-4.1208e-03,2.7
-4.1200e-03,2.7
-4.1192e-03,2.7
-4.1184e-03,2.7
-4.1176e-03,2.7
-4.1168e-03,2.7
-4.1160e-03,2.7
-4.1152e-03,2.7
-4.1144e-03,2.7
-4.1136e-03,2.7
-4.1128e-03,2.7
-4.1120e-03,2.7
-4.1112e-03,2.7
-4.1104e-03,2.7
-4.1096e-03,2.7
-4.1088e-03,2.7
-4.1080e-03,2.7
-4.1072e-03,2.7
-4.1064e-03,2.7
-4.1056e-03,2.7
-4.1048e-03,2.7
-4.1040e-03,2.7
-4.1032e-03,2.5
-4.1024e-03,2.7
-4.1016e-03,2.7
-4.1008e-03,2.7
-4.1000e-03,2.7
-4.0992e-03,2.7
-4.0984e-03,2.7
-4.0976e-03,2.7
-4.0968e-03,2.5
-4.0960e-03,2.7
-4.0952e-03,2.7
-4.0944e-03,2.7
-4.0936e-03,2.7
-4.0928e-03,2.7
-4.0920e-03,2.7
-4.0912e-03,2.7
-4.0904e-03,2.7
-4.0896e-03,2.7
-4.0888e-03,2.7
-4.0880e-03,2.7
-4.0872e-03,2.5
-4.0864e-03,2.7
-4.0856e-03,2.7
-4.0848e-03,2.5
-4.0840e-03,2.7
-4.0832e-03,2.7
-4.0824e-03,2.7
-4.0816e-03,2.5
-4.0808e-03,2.7
-4.0800e-03,2.5
-4.0792e-03,2.7
-4.0784e-03,2.7
-4.0776e-03,2.5
-4.0768e-03,2.7
-4.0760e-03,2.7
-4.0752e-03,2.7
-4.0744e-03,2.7
-4.0736e-03,2.5
-4.0728e-03,2.7
-4.0720e-03,2.7
-4.0712e-03,2.7
-4.0704e-03,2.7
-4.0696e-03,2.7
-4.0688e-03,2.5
-4.0680e-03,2.7
-4.0672e-03,2.5
-4.0664e-03,2.5
-4.0656e-03,2.5
-4.0648e-03,2.5
-4.0640e-03,2.5
-4.0632e-03,2.7
-4.0624e-03,2.7
-4.0616e-03,2.7
-4.0608e-03,2.7
-4.0600e-03,2.5
-4.0592e-03,2.7
-4.0584e-03,2.7
-4.0576e-03,2.5
-4.0568e-03,2.5
-4.0560e-03,2.5
-4.0552e-03,2.7
-4.0544e-03,2.7
-4.0536e-03,2.7
-4.0528e-03,2.5
-4.0520e-03,2.5
-4.0512e-03,2.5
-4.0504e-03,2.7
-4.0496e-03,2.5
-4.0488e-03,2.5
-4.0480e-03,2.5
-4.0472e-03,2.5
-4.0464e-03,2.5
-4.0456e-03,2.7
-4.0448e-03,2.7
-4.0440e-03,2.5
-4.0432e-03,2.7
-4.0424e-03,2.5
-4.0416e-03,2.5
-4.0408e-03,2.5
-4.0400e-03,2.5
-4.0392e-03,2.7
-4.0384e-03,2.5
-4.0376e-03,2.5
-4.0368e-03,2.5
-4.0360e-03,2.5
-4.0352e-03,2.5
-4.0344e-03,2.5
-4.0336e-03,2.5
-4.0328e-03,2.7
-4.0320e-03,2.5
-4.0312e-03,2.5
-4.0304e-03,2.5
-4.0296e-03,2.5
-4.0288e-03,2.5
-4.0280e-03,2.5
-4.0272e-03,2.5
-4.0264e-03,2.5
-4.0256e-03,2.5
-4.0248e-03,2.5
-4.0240e-03,2.5
-4.0232e-03,2.5
-4.0224e-03,2.5
-4.0216e-03,2.5
-4.0208e-03,2.5
-4.0200e-03,2.5
-4.0192e-03,2.5
-4.0184e-03,2.5
-4.0176e-03,2.5
-4.0168e-03,2.5
-4.0160e-03,2.5
-4.0152e-03,2.5
-4.0144e-03,2.5
-4.0136e-03,2.5
-4.0128e-03,2.5
-4.0120e-03,2.5
-4.0112e-03,2.5
-4.0104e-03,2.5
-4.0096e-03,2.5
-4.0088e-03,2.5
-4.0080e-03,2.5
-4.0072e-03,2.5
-4.0064e-03,2.5
-4.0056e-03,2.5
-4.0048e-03,2.5
-4.0040e-03,2.5
-4.0032e-03,2.5
-4.0024e-03,2.5
-4.0016e-03,2.5
-4.0008e-03,2.5
-4.0000e-03,2.5
-3.9992e-03,2.5
-3.9984e-03,2.5
-3.9976e-03,2.5
-3.9968e-03,2.5
-3.9960e-03,2.5
-3.9952e-03,2.5
-3.9944e-03,2.5
-3.9936e-03,2.5
-3.9928e-03,2.5
-3.9920e-03,2.5
-3.9912e-03,2.5
-3.9904e-03,2.5
-3.9896e-03,2.5
-3.9888e-03,2.5
-3.9880e-03,2.5
-3.9872e-03,2.5
-3.9864e-03,2.5
-3.9856e-03,2.5
-3.9848e-03,2.5
-3.9840e-03,2.5
-3.9832e-03,2.5
-3.9824e-03,2.5
-3.9816e-03,2.5
-3.9808e-03,2.5
-3.9800e-03,2.5
-3.9792e-03,2.5
-3.9784e-03,2.5
-3.9776e-03,2.5
-3.9768e-03,2.3
-3.9760e-03,2.5
-3.9752e-03,2.5
-3.9744e-03,2.5
-3.9736e-03,2.5
-3.9728e-03,2.5
-3.9720e-03,2.5
-3.9712e-03,2.5
-3.9704e-03,2.5
-3.9696e-03,2.5
-3.9688e-03,2.5
-3.9680e-03,2.3
-3.9672e-03,2.5
-3.9664e-03,2.3
-3.9656e-03,2.5
-3.9648e-03,2.5
-3.9640e-03,2.5
-3.9632e-03,2.3
-3.9624e-03,2.3
-3.9616e-03,2.3
-3.9608e-03,2.5
-3.9600e-03,2.5
-3.9592e-03,2.5
-3.9584e-03,2.5
-3.9576e-03,2.5
-3.9568e-03,2.3
-3.9560e-03,2.3
-3.9552e-03,2.3
-3.9544e-03,2.5
-3.9536e-03,2.3
-3.9528e-03,2.3
-3.9520e-03,2.5
-3.9512e-03,2.3
-3.9504e-03,2.3
-3.9496e-03,2.3
-3.9488e-03,2.3
-3.9480e-03,2.3
-3.9472e-03,2.3
-3.9464e-03,2.3
-3.9456e-03,2.5
-3.9448e-03,2.3
-3.9440e-03,2.3
-3.9432e-03,2.3
-3.9424e-03,2.3
-3.9416e-03,2.3
-3.9408e-03,2.5
-3.9400e-03,2.5
-3.9392e-03,2.3
-3.9384e-03,2.3
-3.9376e-03,2.3
-3.9368e-03,2.3
-3.9360e-03,2.3
-3.9352e-03,2.3
-3.9344e-03,2.3
-3.9336e-03,2.5
-3.9328e-03,2.3
-3.9320e-03,2.3
-3.9312e-03,2.3
-3.9304e-03,2.3
-3.9296e-03,2.3
-3.9288e-03,2.3
-3.9280e-03,2.3
-3.9272e-03,2.3
-3.9264e-03,2.3
-3.9256e-03,2.3
-3.9248e-03,2.3
-3.9240e-03,2.3
-3.9232e-03,2.3
-3.9224e-03,2.3
-3.9216e-03,2.3
-3.9208e-03,2.3
-3.9200e-03,2.3
-3.9192e-03,2.3
-3.9184e-03,2.3
-3.9176e-03,2.5
-3.9168e-03,2.3
-3.9160e-03,2.3
-3.9152e-03,2.3
-3.9144e-03,2.3
-3.9136e-03,2.3
-3.9128e-03,2.3
-3.9120e-03,2.3
-3.9112e-03,2.3
-3.9104e-03,2.3
-3.9096e-03,2.3
-3.9088e-03,2.3
-3.9080e-03,2.3
-3.9072e-03,2.3
-3.9064e-03,2.3
-3.9056e-03,2.3
-3.9048e-03,2.3
-3.9040e-03,2.3
-3.9032e-03,2.3
-3.9024e-03,2.3
-3.9016e-03,2.3
-3.9008e-03,2.3
-3.9000e-03,2.3
-3.8992e-03,2.3
-3.8984e-03,2.3
-3.8976e-03,2.3
-3.8968e-03,2.3
-3.8960e-03,2.3
-3.8952e-03,2.3
-3.8944e-03,2.3
-3.8936e-03,2.3
-3.8928e-03,2.3
-3.8920e-03,2.3
-3.8912e-03,2.3
-3.8904e-03,2.3
-3.8896e-03,2.3
-3.8888e-03,2.3
-3.8880e-03,2.3
-3.8872e-03,2.3
-3.8864e-03,2.3
-3.8856e-03,2.3
-3.8848e-03,2.1
-3.8840e-03,2.3
-3.8832e-03,2.3
-3.8824e-03,2.3
-3.8816e-03,2.3
-3.8808e-03,2.3
-3.8800e-03,2.3
-3.8792e-03,2.3
-3.8784e-03,2.3
-3.8776e-03,2.1
-3.8768e-03,2.1
-3.8760e-03,2.1
-3.8752e-03,2.1
-3.8744e-03,2.1
-3.8736e-03,2.1
-3.8728e-03,2.1
-3.8720e-03,2.3
-3.8712e-03,2.3
-3.8704e-03,2.3
-3.8696e-03,2.3
-3.8688e-03,2.3
-3.8680e-03,2.1
-3.8672e-03,2.1
-3.8664e-03,2.1
-3.8656e-03,2.3
-3.8648e-03,2.3
-3.8640e-03,2.1
-3.8632e-03,2.1
-3.8624e-03,2.1
-3.8616e-03,2.3
-3.8608e-03,2.1
-3.8600e-03,2.1
-3.8592e-03,2.3
-3.8584e-03,2.1
-3.8576e-03,2.1
-3.8568e-03,2.1
-3.8560e-03,2.1
-3.8552e-03,2.1
-3.8544e-03,2.1
-3.8536e-03,2.3
-3.8528e-03,2.1
-3.8520e-03,2.1
-3.8512e-03,2.1
-3.8504e-03,2.1
-3.8496e-03,2.1
-3.8488e-03,2.1
-3.8480e-03,2.1
-3.8472e-03,2.1
-3.8464e-03,2.1
-3.8456e-03,2.1
-3.8448e-03,2.1
-3.8440e-03,2.1
-3.8432e-03,2.1
-3.8424e-03,2.1
-3.8416e-03,2.1
-3.8408e-03,2.1
-3.8400e-03,2.1
-3.8392e-03,2.1
-3.8384e-03,2.1
-3.8376e-03,2.1
-3.8368e-03,2.1
-3.8360e-03,2.1
-3.8352e-03,2.1
-3.8344e-03,2.1
-3.8336e-03,2.1
-3.8328e-03,2.1
-3.8320e-03,2.1
-3.8312e-03,2.1
-3.8304e-03,2.1
-3.8296e-03,2.1
-3.8288e-03,2.1
-3.8280e-03,2.1
-3.8272e-03,2.1
-3.8264e-03,2.1
-3.8256e-03,2.1
-3.8248e-03,2.1
-3.8240e-03,2.1
-3.8232e-03,2.1
-3.8224e-03,2.1
-3.8216e-03,2.1
-3.8208e-03,2.1
-3.8200e-03,2.1
-3.8192e-03,2.1
-3.8184e-03,2.1
-3.8176e-03,2.1
-3.8168e-03,2.1
-3.8160e-03,2.1
-3.8152e-03,2.1
-3.8144e-03,2.1
-3.8136e-03,2.1
-3.8128e-03,2.1
-3.8120e-03,2.1
-3.8112e-03,2.1
-3.8104e-03,2.1
-3.8096e-03,2.1
-3.8088e-03,2.1
-3.8080e-03,2.1
-3.8072e-03,2.1
-3.8064e-03,2.1
-3.8056e-03,2.1
-3.8048e-03,2.1
-3.8040e-03,2.1
-3.8032e-03,2.1
-3.8024e-03,2.1
-3.8016e-03,2.1
-3.8008e-03,2.1
-3.8000e-03,1.9
-3.7992e-03,1.9
-3.7984e-03,1.9
-3.7976e-03,2.1
-3.7968e-03,1.9
-3.7960e-03,1.9
-3.7952e-03,1.9
-3.7944e-03,1.9
-3.7936e-03,1.9
-3.7928e-03,1.9
-3.7920e-03,1.9
-3.7912e-03,1.9
-3.7904e-03,1.9
-3.7896e-03,1.9
-3.7888e-03,1.9
-3.7880e-03,1.9
-3.7872e-03,1.9
-3.7864e-03,1.9
-3.7856e-03,1.9
-3.7848e-03,1.9
-3.7840e-03,1.9
-3.7832e-03,1.9
-3.7824e-03,1.9
-3.7816e-03,1.9
-3.7808e-03,1.9
-3.7800e-03,1.9
-3.7792e-03,1.9
-3.7784e-03,1.9
-3.7776e-03,1.9
-3.7768e-03,1.9
-3.7760e-03,1.9
-3.7752e-03,1.9
-3.7744e-03,1.9
-3.7736e-03,1.9
-3.7728e-03,1.9
-3.7720e-03,1.9
-3.7712e-03,1.7
-3.7704e-03,1.9
-3.7696e-03,1.9
-3.7688e-03,1.9
-3.7680e-03,1.9
-3.7672e-03,1.9
-3.7664e-03,1.9
-3.7656e-03,1.9
-3.7648e-03,1.9
-3.7640e-03,1.9
-3.7632e-03,1.9
-3.7624e-03,1.9
-3.7616e-03,1.9
-3.7608e-03,1.9
-3.7600e-03,1.9
-3.7592e-03,1.9
-3.7584e-03,1.9
-3.7576e-03,1.9
-3.7568e-03,1.9
-3.7560e-03,1.9
-3.7552e-03,1.9
-3.7544e-03,1.9
-3.7536e-03,1.9
-3.7528e-03,1.9
-3.7520e-03,1.9
-3.7512e-03,1.9
-3.7504e-03,1.9
-3.7496e-03,1.7
-3.7488e-03,1.9
-3.7480e-03,1.9
-3.7472e-03,1.9
-3.7464e-03,1.7
-3.7456e-03,1.9
-3.7448e-03,1.9
-3.7440e-03,1.7
-3.7432e-03,1.9
-3.7424e-03,1.9
-3.7416e-03,1.9
-3.7408e-03,1.9
-3.7400e-03,1.9
-3.7392e-03,1.9
-3.7384e-03,1.7
-3.7376e-03,1.7
-3.7368e-03,1.9
-3.7360e-03,1.9
-3.7352e-03,1.7
-3.7344e-03,1.7
-3.7336e-03,1.7
-3.7328e-03,1.7
-3.7320e-03,1.7
-3.7312e-03,1.7
-3.7304e-03,1.7
-3.7296e-03,1.7
-3.7288e-03,1.9
-3.7280e-03,1.7
-3.7272e-03,1.7
-3.7264e-03,1.7
-3.7256e-03,1.7
-3.7248e-03,1.7
-3.7240e-03,1.7
-3.7232e-03,1.7
-3.7224e-03,1.7
-3.7216e-03,1.7
-3.7208e-03,1.7
-3.7200e-03,1.7
-3.7192e-03,1.7
-3.7184e-03,1.7
-3.7176e-03,1.7
-3.7168e-03,1.7
-3.7160e-03,1.7
-3.7152e-03,1.7
-3.7144e-03,1.7
-3.7136e-03,1.7
-3.7128e-03,1.7
-3.7120e-03,1.7
-3.7112e-03,1.7
-3.7104e-03,1.7
-3.7096e-03,1.7
-3.7088e-03,1.7
-3.7080e-03,1.7
-3.7072e-03,1.7
-3.7064e-03,1.7
-3.7056e-03,1.7
-3.7048e-03,1.7
-3.7040e-03,1.7
-3.7032e-03,1.7
-3.7024e-03,1.7
-3.7016e-03,1.7
-3.7008e-03,1.7
-3.7000e-03,1.7
-3.6992e-03,1.7
-3.6984e-03,1.7
-3.6976e-03,1.7
-3.6968e-03,1.7
-3.6960e-03,1.7
-3.6952e-03,1.7
-3.6944e-03,1.7
-3.6936e-03,1.7
-3.6928e-03,1.7
-3.6920e-03,1.7
-3.6912e-03,1.5
-3.6904e-03,1.7
-3.6896e-03,1.7
-3.6888e-03,1.7
-3.6880e-03,1.7
-3.6872e-03,1.7
-3.6864e-03,1.7
-3.6856e-03,1.7
-3.6848e-03,1.7
-3.6840e-03,1.7
-3.6832e-03,1.7
-3.6824e-03,1.5
-3.6816e-03,1.5
-3.6808e-03,1.7
-3.6800e-03,1.7
-3.6792e-03,1.5
-3.6784e-03,1.5
-3.6776e-03,1.7
-3.6768e-03,1.5
-3.6760e-03,1.5
-3.6752e-03,1.7
-3.6744e-03,1.5
-3.6736e-03,1.5
-3.6728e-03,1.7
-3.6720e-03,1.5
-3.6712e-03,1.5
-3.6704e-03,1.5
-3.6696e-03,1.5
-3.6688e-03,1.5
-3.6680e-03,1.5
-3.6672e-03,1.5
-3.6664e-03,1.5
-3.6656e-03,1.5
-3.6648e-03,1.5
-3.6640e-03,1.5
-3.6632e-03,1.5
-3.6624e-03,1.5
-3.6616e-03,1.5
-3.6608e-03,1.5
-3.6600e-03,1.5
-3.6592e-03,1.5
-3.6584e-03,1.5
-3.6576e-03,1.5
-3.6568e-03,1.5
-3.6560e-03,1.5
-3.6552e-03,1.5
-3.6544e-03,1.5
-3.6536e-03,1.5
-3.6528e-03,1.5
-3.6520e-03,1.5
-3.6512e-03,1.5
-3.6504e-03,1.5
-3.6496e-03,1.5
-3.6488e-03,1.5
-3.6480e-03,1.5
-3.6472e-03,1.5
-3.6464e-03,1.5
-3.6456e-03,1.5
-3.6448e-03,1.5
-3.6440e-03,1.5
-3.6432e-03,1.5
-3.6424e-03,1.5
-3.6416e-03,1.5
-3.6408e-03,1.5
-3.6400e-03,1.3
-3.6392e-03,1.5
-3.6384e-03,1.3
-3.6376e-03,1.3
-3.6368e-03,1.5
-3.6360e-03,1.3
-3.6352e-03,1.5
-3.6344e-03,1.5
-3.6336e-03,1.5
-3.6328e-03,1.5
-3.6320e-03,1.3
-3.6312e-03,1.3
-3.6304e-03,1.5
-3.6296e-03,1.3
-3.6288e-03,1.3
-3.6280e-03,1.3
-3.6272e-03,1.5
-3.6264e-03,1.3
-3.6256e-03,1.5
-3.6248e-03,1.3
-3.6240e-03,1.3
-3.6232e-03,1.5
-3.6224e-03,1.3
-3.6216e-03,1.5
-3.6208e-03,1.5
-3.6200e-03,1.3
-3.6192e-03,1.3
-3.6184e-03,1.3
-3.6176e-03,1.3
-3.6168e-03,1.3
-3.6160e-03,1.3
-3.6152e-03,1.3
-3.6144e-03,1.3
-3.6136e-03,1.3
-3.6128e-03,1.3
-3.6120e-03,1.3
-3.6112e-03,1.3
-3.6104e-03,1.3
-3.6096e-03,1.3
-3.6088e-03,1.3
-3.6080e-03,1.3
-3.6072e-03,1.3
-3.6064e-03,1.3
-3.6056e-03,1.3
-3.6048e-03,1.3
-3.6040e-03,1.3
-3.6032e-03,1.3
-3.6024e-03,1.3
-3.6016e-03,1.3
-3.6008e-03,1.3
-3.6000e-03,1.3
-3.5992e-03,1.3
-3.5984e-03,1.3
-3.5976e-03,1.3
-3.5968e-03,1.3
-3.5960e-03,1.3
-3.5952e-03,1.3
-3.5944e-03,1.3
-3.5936e-03,1.3
-3.5928e-03,1.3
-3.5920e-03,1.1
-3.5912e-03,1.3
-3.5904e-03,1.3
-3.5896e-03,1.1
-3.5888e-03,1.3
-3.5880e-03,1.1
-3.5872e-03,1.3
-3.5864e-03,1.3
-3.5856e-03,1.3
-3.5848e-03,1.3
-3.5840e-03,1.3
-3.5832e-03,1.1
-3.5824e-03,1.3
-3.5816e-03,1.3
-3.5808e-03,1.1
-3.5800e-03,1.1
-3.5792e-03,1.3
-3.5784e-03,1.1
-3.5776e-03,1.1
-3.5768e-03,1.1
-3.5760e-03,1.3
-3.5752e-03,1.1
-3.5744e-03,1.1
-3.5736e-03,1.1
-3.5728e-03,1.1
-3.5720e-03,1.1
-3.5712e-03,1.1
-3.5704e-03,1.1
-3.5696e-03,1.1
-3.5688e-03,1.1
-3.5680e-03,1.1
-3.5672e-03,1.1
-3.5664e-03,1.1
-3.5656e-03,1.1
-3.5648e-03,1.1
-3.5640e-03,1.1
-3.5632e-03,1.1
-3.5624e-03,1.1
-3.5616e-03,1.1
-3.5608e-03,1.1
-3.5600e-03,1.1
-3.5592e-03,1.1
-3.5584e-03,1.1
-3.5576e-03,1.1
-3.5568e-03,1.1
-3.5560e-03,1.1
-3.5552e-03,1.1
-3.5544e-03,1.1
-3.5536e-03,1.1
-3.5528e-03,1.1
-3.5520e-03,1.1
-3.5512e-03,1.1
-3.5504e-03,1.1
-3.5496e-03,1.1
-3.5488e-03,1.1
-3.5480e-03,1.1
-3.5472e-03,1.1
-3.5464e-03,1.1
-3.5456e-03,1.1
-3.5448e-03,1.1
-3.5440e-03,1.1
-3.5432e-03,1.1
-3.5424e-03,1.1
-3.5416e-03,1.1
-3.5408e-03,1.1
-3.5400e-03,1.1
-3.5392e-03,1.1
-3.5384e-03,1.1
-3.5376e-03,1.1
-3.5368e-03,1.1
-3.5360e-03,0.9
-3.5352e-03,1.1
-3.5344e-03,1.1
-3.5336e-03,1.1
-3.5328e-03,1.1
-3.5320e-03,0.9
-3.5312e-03,1.1
-3.5304e-03,1.1
-3.5296e-03,1.1
-3.5288e-03,1.1
-3.5280e-03,1.1
-3.5272e-03,1.1
-3.5264e-03,1.1
-3.5256e-03,0.9
-3.5248e-03,1.1
-3.5240e-03,0.9
-3.5232e-03,0.9
-3.5224e-03,0.9
-3.5216e-03,0.9
-3.5208e-03,0.9
-3.5200e-03,0.9
-3.5192e-03,0.9
-3.5184e-03,0.9
-3.5176e-03,0.9
-3.5168e-03,0.9
-3.5160e-03,0.9
-3.5152e-03,0.9
-3.5144e-03,0.9
-3.5136e-03,1.1
-3.5128e-03,0.9
-3.5120e-03,0.9
-3.5112e-03,0.9
-3.5104e-03,0.9
-3.5096e-03,0.9
-3.5088e-03,0.9
-3.5080e-03,0.9
-3.5072e-03,0.9
-3.5064e-03,0.9
-3.5056e-03,0.9
-3.5048e-03,0.9
-3.5040e-03,0.9
-3.5032e-03,0.9
-3.5024e-03,0.9
-3.5016e-03,0.9
-3.5008e-03,0.9
-3.5000e-03,0.9
-3.4992e-03,0.9
-3.4984e-03,0.9
-3.4976e-03,0.9
-3.4968e-03,0.9
-3.4960e-03,0.9
-3.4952e-03,0.9
-3.4944e-03,0.9
-3.4936e-03,0.9
-3.4928e-03,0.9
-3.4920e-03,0.9
-3.4912e-03,0.9
-3.4904e-03,0.9
-3.4896e-03,0.9
-3.4888e-03,0.9
-3.4880e-03,0.9
-3.4872e-03,0.9
-3.4864e-03,0.9
-3.4856e-03,0.9
-3.4848e-03,0.9
-3.4840e-03,0.9
-3.4832e-03,0.9
-3.4824e-03,0.9
-3.4816e-03,0.9
-3.4808e-03,0.9
-3.4800e-03,0.9
-3.4792e-03,0.7
-3.4784e-03,0.9
-3.4776e-03,0.7
-3.4768e-03,0.9
-3.4760e-03,0.9
-3.4752e-03,0.9
-3.4744e-03,0.7
-3.4736e-03,0.7
-3.4728e-03,0.9
-3.4720e-03,0.9
-3.4712e-03,0.9
-3.4704e-03,0.9
-3.4696e-03,0.9
-3.4688e-03,0.7
-3.4680e-03,0.7
-3.4672e-03,0.7
-3.4664e-03,0.7
-3.4656e-03,0.7
-3.4648e-03,0.7
-3.4640e-03,0.9
-3.4632e-03,0.9
-3.4624e-03,0.7
-3.4616e-03,0.7
-3.4608e-03,0.7
-3.4600e-03,0.7
-3.4592e-03,0.7
-3.4584e-03,0.7
-3.4576e-03,0.9
-3.4568e-03,0.7
-3.4560e-03,0.7
-3.4552e-03,0.7
-3.4544e-03,0.7
-3.4536e-03,0.7
-3.4528e-03,0.7
-3.4520e-03,0.7
-3.4512e-03,0.7
-3.4504e-03,0.7
-3.4496e-03,0.7
-3.4488e-03,0.7
-3.4480e-03,0.7
-3.4472e-03,0.7
-3.4464e-03,0.7
-3.4456e-03,0.7
-3.4448e-03,0.7
-3.4440e-03,0.7
-3.4432e-03,0.7
-3.4424e-03,0.7
-3.4416e-03,0.7
-3.4408e-03,0.7
-3.4400e-03,0.7
-3.4392e-03,0.7
-3.4384e-03,0.7
-3.4376e-03,0.7
-3.4368e-03,0.7
-3.4360e-03,0.7
-3.4352e-03,0.7
-3.4344e-03,0.7
-3.4336e-03,0.7
-3.4328e-03,0.7
-3.4320e-03,0.7
-3.4312e-03,0.5
-3.4304e-03,0.7
-3.4296e-03,0.7
-3.4288e-03,0.7
-3.4280e-03,0.7
-3.4272e-03,0.7
-3.4264e-03,0.7
-3.4256e-03,0.7
-3.4248e-03,0.7
-3.4240e-03,0.5
-3.4232e-03,0.7
-3.4224e-03,0.7
-3.4216e-03,0.7
-3.4208e-03,0.7
-3.4200e-03,0.7
-3.4192e-03,0.7
-3.4184e-03,0.7
-3.4176e-03,0.7
-3.4168e-03,0.5
-3.4160e-03,0.7
-3.4152e-03,0.5
-3.4144e-03,0.7
-3.4136e-03,0.7
-3.4128e-03,0.5
-3.4120e-03,0.7
-3.4112e-03,0.5
-3.4104e-03,0.7
-3.4096e-03,0.7
-3.4088e-03,0.5
-3.4080e-03,0.5
-3.4072e-03,0.5
-3.4064e-03,0.7
-3.4056e-03,0.5
-3.4048e-03,0.5
-3.4040e-03,0.5
-3.4032e-03,0.5
-3.4024e-03,0.5
-3.4016e-03,0.5
-3.4008e-03,0.5
-3.4000e-03,0.5
-3.3992e-03,0.5
-3.3984e-03,0.5
-3.3976e-03,0.5
-3.3968e-03,0.5
-3.3960e-03,0.5
-3.3952e-03,0.5
-3.3944e-03,0.3
-3.3936e-03,0.5
-3.3928e-03,0.5
-3.3920e-03,0.5
-3.3912e-03,0.5
-3.3904e-03,0.5
-3.3896e-03,0.5
-3.3888e-03,0.5
-3.3880e-03,0.5
-3.3872e-03,0.5
-3.3864e-03,0.5
-3.3856e-03,0.5
-3.3848e-03,0.5
-3.3840e-03,0.5
-3.3832e-03,0.5
-3.3824e-03,0.5
-3.3816e-03,0.5
-3.3808e-03,0.5
-3.3800e-03,0.5
-3.3792e-03,0.5
-3.3784e-03,0.5
-3.3776e-03,0.5
-3.3768e-03,0.5
-3.3760e-03,0.5
-3.3752e-03,0.5
-3.3744e-03,0.5
-3.3736e-03,0.5
-3.3728e-03,0.5
-3.3720e-03,0.5
-3.3712e-03,0.5
-3.3704e-03,0.3
-3.3696e-03,0.5
-3.3688e-03,0.3
-3.3680e-03,0.5
-3.3672e-03,0.3
-3.3664e-03,0.5
-3.3656e-03,0.3
-3.3648e-03,0.3
-3.3640e-03,0.3
-3.3632e-03,0.3
-3.3624e-03,0.5
-3.3616e-03,0.5
-3.3608e-03,0.3
-3.3600e-03,0.5
-3.3592e-03,0.3
-3.3584e-03,0.5
-3.3576e-03,0.3
-3.3568e-03,0.3
-3.3560e-03,0.5
-3.3552e-03,0.3
-3.3544e-03,0.3
-3.3536e-03,0.3
-3.3528e-03,0.3
-3.3520e-03,0.3
-3.3512e-03,0.3
-3.3504e-03,0.3
-3.3496e-03,0.3
-3.3488e-03,0.3
-3.3480e-03,0.3
-3.3472e-03,0.3
-3.3464e-03,0.3
-3.3456e-03,0.3
-3.3448e-03,0.3
-3.3440e-03,0.3
-3.3432e-03,0.3
-3.3424e-03,0.3
-3.3416e-03,0.3
-3.3408e-03,0.3
-3.3400e-03,0.3
-3.3392e-03,0.3
-3.3384e-03,0.3
-3.3376e-03,0.3
-3.3368e-03,0.3
-3.3360e-03,0.3
-3.3352e-03,0.3
-3.3344e-03,0.3
-3.3336e-03,0.3
-3.3328e-03,0.3
-3.3320e-03,0.3
-3.3312e-03,0.3
-3.3304e-03,0.3
-3.3296e-03,0.3
-3.3288e-03,0.1
-3.3280e-03,0.3
-3.3272e-03,0.3
-3.3264e-03,0.3
-3.3256e-03,0.3
-3.3248e-03,0.3
-3.3240e-03,0.3
-3.3232e-03,0.3
-3.3224e-03,0.3
-3.3216e-03,0.3
-3.3208e-03,0.3
-3.3200e-03,0.1
-3.3192e-03,0.1
-3.3184e-03,0.3
-3.3176e-03,0.1
-3.3168e-03,0.3
-3.3160e-03,0.3
-3.3152e-03,0.3
-3.3144e-03,0.1
-3.3136e-03,0.3
-3.3128e-03,0.3
-3.3120e-03,0.1
-3.3112e-03,0.3
-3.3104e-03,0.3
-3.3096e-03,0.1
-3.3088e-03,0.3
-3.3080e-03,0.3
-3.3072e-03,0.3
-3.3064e-03,0.1
-3.3056e-03,0.3
-3.3048e-03,0.1
-3.3040e-03,0.1
-3.3032e-03,0.1
-3.3024e-03,0.1
-3.3016e-03,0.3
-3.3008e-03,0.1
-3.3000e-03,0.1
-3.2992e-03,0.1
-3.2984e-03,0.1
-3.2976e-03,0.1
-3.2968e-03,0.1
-3.2960e-03,0.1
-3.2952e-03,0.1
-3.2944e-03,0.1
-3.2936e-03,0.1
-3.2928e-03,0.1
-3.2920e-03,0.1
-3.2912e-03,0.1
-3.2904e-03,0.1
-3.2896e-03,0.1
-3.2888e-03,0.1
-3.2880e-03,0.1
-3.2872e-03,0.1
-3.2864e-03,0.1
-3.2856e-03,0.1
-3.2848e-03,0.1
-3.2840e-03,0.1
-3.2832e-03,0.1
-3.2824e-03,0.1
-3.2816e-03,0.1
-3.2808e-03,0.1
-3.2800e-03,0.1
-3.2792e-03,0.1
-3.2784e-03,0.1
-3.2776e-03,0.1
-3.2768e-03,0.1
-3.2760e-03,0.1
-3.2752e-03,0.1
-3.2744e-03,0.1
-3.2736e-03,0.1
-3.2728e-03,0.1
-3.2720e-03,-0.1
-3.2712e-03,0.1
-3.2704e-03,0.1
-3.2696e-03,0.1
-3.2688e-03,0.1
-3.2680e-03,0.1
-3.2672e-03,0.1
-3.2664e-03,0.1
-3.2656e-03,0.1
-3.2648e-03,0.1
-3.2640e-03,0.1
-3.2632e-03,0.1
-3.2624e-03,0.1
-3.2616e-03,0.1
-3.2608e-03,0.1
-3.2600e-03,-0.1
-3.2592e-03,-0.1
-3.2584e-03,-0.1
-3.2576e-03,-0.1
-3.2568e-03,0.1
-3.2560e-03,0.1
-3.2552e-03,0.1
-3.2544e-03,-0.1
-3.2536e-03,0.1
-3.2528e-03,0.1
-3.2520e-03,0.1
-3.2512e-03,-0.1
-3.2504e-03,-0.1
-3.2496e-03,-0.1
-3.2488e-03,-0.1
-3.2480e-03,-0.1
-3.2472e-03,0.1
-3.2464e-03,0.1
-3.2456e-03,-0.1
-3.2448e-03,-0.1
-3.2440e-03,-0.1
-3.2432e-03,-0.1
-3.2424e-03,-0.1
-3.2416e-03,-0.1
-3.2408e-03,-0.1
-3.2400e-03,-0.1
-3.2392e-03,-0.1
-3.2384e-03,-0.1
-3.2376e-03,-0.1
-3.2368e-03,-0.1
-3.2360e-03,-0.1
-3.2352e-03,-0.1
-3.2344e-03,-0.1
-3.2336e-03,-0.1
-3.2328e-03,-0.1
-3.2320e-03,-0.1
-3.2312e-03,-0.1
-3.2304e-03,-0.1
-3.2296e-03,-0.1
-3.2288e-03,-0.1
-3.2280e-03,-0.1
-3.2272e-03,-0.1
-3.2264e-03,-0.1
-3.2256e-03,-0.1
-3.2248e-03,-0.1
-3.2240e-03,-0.1
-3.2232e-03,-0.1
-3.2224e-03,-0.1
-3.2216e-03,-0.1
-3.2208e-03,-0.1
-3.2200e-03,-0.1
-3.2192e-03,-0.1
-3.2184e-03,-0.1
-3.2176e-03,-0.1
-3.2168e-03,-0.1
-3.2160e-03,-0.1
-3.2152e-03,-0.1
-3.2144e-03,-0.1
-3.2136e-03,-0.1
-3.2128e-03,-0.1
-3.2120e-03,-0.1
-3.2112e-03,-0.1
-3.2104e-03,-0.1
-3.2096e-03,-0.1
-3.2088e-03,-0.1
-3.2080e-03,-0.1
-3.2072e-03,-0.3
-3.2064e-03,-0.3
-3.2056e-03,-0.3
-3.2048e-03,-0.1
-3.2040e-03,-0.1
-3.2032e-03,-0.1
-3.2024e-03,-0.1
-3.2016e-03,-0.1
-3.2008e-03,-0.1
-3.2000e-03,-0.3
-3.1992e-03,-0.3
-3.1984e-03,-0.3
-3.1976e-03,-0.1
-3.1968e-03,-0.3
-3.1960e-03,-0.3
-3.1952e-03,-0.3
-3.1944e-03,-0.3
-3.1936e-03,-0.3
-3.1928e-03,-0.3
-3.1920e-03,-0.3
-3.1912e-03,-0.3
-3.1904e-03,-0.1
-3.1896e-03,-0.3
-3.1888e-03,-0.3
-3.1880e-03,-0.3
-3.1872e-03,-0.3
-3.1864e-03,-0.3
-3.1856e-03,-0.3
-3.1848e-03,-0.3
-3.1840e-03,-0.3
-3.1832e-03,-0.3
-3.1824e-03,-0.3
-3.1816e-03,-0.3
-3.1808e-03,-0.3
-3.1800e-03,-0.3
-3.1792e-03,-0.3
-3.1784e-03,-0.3
-3.1776e-03,-0.3
-3.1768e-03,-0.3
-3.1760e-03,-0.3
-3.1752e-03,-0.1
-3.1744e-03,-0.3
-3.1736e-03,-0.3
-3.1728e-03,-0.3
-3.1720e-03,-0.3
-3.1712e-03,-0.3
-3.1704e-03,-0.3
-3.1696e-03,-0.3
-3.1688e-03,-0.3
-3.1680e-03,-0.3
-3.1672e-03,-0.3
-3.1664e-03,-0.3
-3.1656e-03,-0.3
-3.1648e-03,-0.3
-3.1640e-03,-0.3
-3.1632e-03,-0.3
-3.1624e-03,-0.3
-3.1616e-03,-0.3
-3.1608e-03,-0.3
-3.1600e-03,-0.3
-3.1592e-03,-0.5
-3.1584e-03,-0.3
-3.1576e-03,-0.3
-3.1568e-03,-0.3
-3.1560e-03,-0.5
-3.1552e-03,-0.3
-3.1544e-03,-0.5
-3.1536e-03,-0.5
-3.1528e-03,-0.5
-3.1520e-03,-0.5
-3.1512e-03,-0.5
-3.1504e-03,-0.5
-3.1496e-03,-0.5
-3.1488e-03,-0.3
-3.1480e-03,-0.5
-3.1472e-03,-0.5
-3.1464e-03,-0.5
-3.1456e-03,-0.5
-3.1448e-03,-0.5
-3.1440e-03,-0.5
-3.1432e-03,-0.5
-3.1424e-03,-0.5
-3.1416e-03,-0.5
-3.1408e-03,-0.5
-3.1400e-03,-0.5
-3.1392e-03,-0.5
-3.1384e-03,-0.5
-3.1376e-03,-0.5
-3.1368e-03,-0.5
-3.1360e-03,-0.3
-3.1352e-03,-0.3
-3.1344e-03,-0.5
-3.1336e-03,-0.5
-3.1328e-03,-0.3
-3.1320e-03,-0.5
-3.1312e-03,-0.5
-3.1304e-03,-0.5
-3.1296e-03,-0.5
-3.1288e-03,-0.5
-3.1280e-03,-0.5
-3.1272e-03,-0.5
-3.1264e-03,-0.5
-3.1256e-03,-0.5
-3.1248e-03,-0.5
-3.1240e-03,-0.5
-3.1232e-03,-0.5
-3.1224e-03,-0.5
-3.1216e-03,-0.5
-3.1208e-03,-0.5
-3.1200e-03,-0.5
-3.1192e-03,-0.5
-3.1184e-03,-0.5
-3.1176e-03,-0.5
-3.1168e-03,-0.5
-3.1160e-03,-0.5
-3.1152e-03,-0.5
-3.1144e-03,-0.5
-3.1136e-03,-0.5
-3.1128e-03,-0.5
-3.1120e-03,-0.5
-3.1112e-03,-0.5
-3.1104e-03,-0.5
-3.1096e-03,-0.5
-3.1088e-03,-0.5
-3.1080e-03,-0.5
-3.1072e-03,-0.5
-3.1064e-03,-0.5
-3.1056e-03,-0.5
-3.1048e-03,-0.5
-3.1040e-03,-0.5
-3.1032e-03,-0.5
-3.1024e-03,-0.5
-3.1016e-03,-0.5
-3.1008e-03,-0.5
-3.1000e-03,-0.5
-3.0992e-03,-0.7
-3.0984e-03,-0.5
-3.0976e-03,-0.7
-3.0968e-03,-0.7
-3.0960e-03,-0.7
-3.0952e-03,-0.7
-3.0944e-03,-0.7
-3.0936e-03,-0.5
-3.0928e-03,-0.7
-3.0920e-03,-0.7
-3.0912e-03,-0.7
-3.0904e-03,-0.7
-3.0896e-03,-0.5
-3.0888e-03,-0.7
-3.0880e-03,-0.7
-3.0872e-03,-0.5
-3.0864e-03,-0.7
-3.0856e-03,-0.7
-3.0848e-03,-0.7
-3.0840e-03,-0.7
-3.0832e-03,-0.7
-3.0824e-03,-0.7
-3.0816e-03,-0.7
-3.0808e-03,-0.7
-3.0800e-03,-0.7
-3.0792e-03,-0.7
-3.0784e-03,-0.7
-3.0776e-03,-0.7
-3.0768e-03,-0.7
-3.0760e-03,-0.7
-3.0752e-03,-0.7
-3.0744e-03,-0.7
-3.0736e-03,-0.7
-3.0728e-03,-0.7
-3.0720e-03,-0.7
-3.0712e-03,-0.7
-3.0704e-03,-0.7
-3.0696e-03,-0.7
-3.0688e-03,-0.7
-3.0680e-03,-0.7
-3.0672e-03,-0.7
-3.0664e-03,-0.7
-3.0656e-03,-0.7
-3.0648e-03,-0.7
-3.0640e-03,-0.7
-3.0632e-03,-0.7
-3.0624e-03,-0.7
-3.0616e-03,-0.7
-3.0608e-03,-0.7
-3.0600e-03,-0.7
-3.0592e-03,-0.7
-3.0584e-03,-0.7
-3.0576e-03,-0.7
-3.0568e-03,-0.7
-3.0560e-03,-0.7
-3.0552e-03,-0.7
-3.0544e-03,-0.7
-3.0536e-03,-0.7
-3.0528e-03,-0.7
-3.0520e-03,-0.7
-3.0512e-03,-0.7
-3.0504e-03,-0.7
-3.0496e-03,-0.7
-3.0488e-03,-0.7
-3.0480e-03,-0.9
-3.0472e-03,-0.7
-3.0464e-03,-0.7
-3.0456e-03,-0.7
-3.0448e-03,-0.7
-3.0440e-03,-0.7
-3.0432e-03,-0.7
-3.0424e-03,-0.7
-3.0416e-03,-0.7
-3.0408e-03,-0.7
-3.0400e-03,-0.7
-3.0392e-03,-0.7
-3.0384e-03,-0.9
-3.0376e-03,-0.7
-3.0368e-03,-0.7
-3.0360e-03,-0.7
-3.0352e-03,-0.7
-3.0344e-03,-0.7
-3.0336e-03,-0.7
-3.0328e-03,-0.9
-3.0320e-03,-0.9
-3.0312e-03,-0.9
-3.0304e-03,-0.9
-3.0296e-03,-0.9
-3.0288e-03,-0.7
-3.0280e-03,-0.9
-3.0272e-03,-0.9
-3.0264e-03,-0.9
-3.0256e-03,-0.9
-3.0248e-03,-0.9
-3.0240e-03,-0.9
-3.0232e-03,-0.9
-3.0224e-03,-0.9
-3.0216e-03,-0.9
-3.0208e-03,-0.9
-3.0200e-03,-0.9
-3.0192e-03,-0.9
-3.0184e-03,-0.9
-3.0176e-03,-0.9
-3.0168e-03,-0.9
-3.0160e-03,-0.9
-3.0152e-03,-0.9
-3.0144e-03,-0.9
-3.0136e-03,-0.9
-3.0128e-03,-0.9
-3.0120e-03,-0.9
-3.0112e-03,-0.9
-3.0104e-03,-0.9
-3.0096e-03,-0.9
-3.0088e-03,-0.9
-3.0080e-03,-0.9
-3.0072e-03,-0.9
-3.0064e-03,-0.9
-3.0056e-03,-0.9
-3.0048e-03,-0.9
-3.0040e-03,-0.9
-3.0032e-03,-0.9
-3.0024e-03,-0.9
-3.0016e-03,-0.9
-3.0008e-03,-0.9
-3.0000e-03,-0.9
-2.9992e-03,-0.9
-2.9984e-03,-0.9
-2.9976e-03,-0.9
-2.9968e-03,-0.9
-2.9960e-03,-0.9
-2.9952e-03,-0.9
-2.9944e-03,-0.9
-2.9936e-03,-0.9
-2.9928e-03,-0.9
-2.9920e-03,-0.9
-2.9912e-03,-0.9
-2.9904e-03,-0.9
-2.9896e-03,-0.9
-2.9888e-03,-0.9
-2.9880e-03,-0.9
-2.9872e-03,-0.9
-2.9864e-03,-0.9
-2.9856e-03,-0.9
-2.9848e-03,-0.9
-2.9840e-03,-0.9
-2.9832e-03,-1.1
-2.9824e-03,-1.1
-2.9816e-03,-1.1
-2.9808e-03,-1.1
-2.9800e-03,-0.9
-2.9792e-03,-0.9
-2.9784e-03,-1.1
-2.9776e-03,-1.1
-2.9768e-03,-1.1
-2.9760e-03,-1.1
-2.9752e-03,-1.1
-2.9744e-03,-1.1
-2.9736e-03,-1.1
-2.9728e-03,-0.9
-2.9720e-03,-1.1
-2.9712e-03,-1.1
-2.9704e-03,-0.9
-2.9696e-03,-1.1
-2.9688e-03,-1.1
-2.9680e-03,-1.1
-2.9672e-03,-1.1
-2.9664e-03,-1.1
-2.9656e-03,-1.1
-2.9648e-03,-1.1
-2.9640e-03,-1.1
-2.9632e-03,-1.1
-2.9624e-03,-1.1
-2.9616e-03,-1.1
-2.9608e-03,-1.1
-2.9600e-03,-1.1
-2.9592e-03,-1.1
-2.9584e-03,-1.1
-2.9576e-03,-1.1
-2.9568e-03,-1.1
-2.9560e-03,-1.1
-2.9552e-03,-1.1
-2.9544e-03,-1.1
-2.9536e-03,-1.1
-2.9528e-03,-1.1
-2.9520e-03,-1.1
-2.9512e-03,-1.1
-2.9504e-03,-1.1
-2.9496e-03,-1.1
-2.9488e-03,-1.1
-2.9480e-03,-1.1
-2.9472e-03,-1.1
-2.9464e-03,-1.1
-2.9456e-03,-1.1
-2.9448e-03,-1.1
-2.9440e-03,-1.1
-2.9432e-03,-1.1
-2.9424e-03,-1.1
-2.9416e-03,-1.1
-2.9408e-03,-1.1
-2.9400e-03,-1.1
-2.9392e-03,-1.1
-2.9384e-03,-1.1
-2.9376e-03,-1.1
-2.9368e-03,-1.1
-2.9360e-03,-1.1
-2.9352e-03,-1.1
-2.9344e-03,-1.1
-2.9336e-03,-1.1
-2.9328e-03,-1.3
-2.9320e-03,-1.1
-2.9312e-03,-1.1
-2.9304e-03,-1.1
-2.9296e-03,-1.3
-2.9288e-03,-1.1
-2.9280e-03,-1.3
-2.9272e-03,-1.1
-2.9264e-03,-1.1
-2.9256e-03,-1.1
-2.9248e-03,-1.1
-2.9240e-03,-1.1
-2.9232e-03,-1.1
-2.9224e-03,-1.3
-2.9216e-03,-1.1
-2.9208e-03,-1.1
-2.9200e-03,-1.3
-2.9192e-03,-1.3
-2.9184e-03,-1.1
-2.9176e-03,-1.1
-2.9168e-03,-1.1
-2.9160e-03,-1.1
-2.9152e-03,-1.1
-2.9144e-03,-1.1
-2.9136e-03,-1.1
-2.9128e-03,-1.1
-2.9120e-03,-1.3
-2.9112e-03,-1.3
-2.9104e-03,-1.3
-2.9096e-03,-1.1
-2.9088e-03,-1.3
-2.9080e-03,-1.3
-2.9072e-03,-1.1
-2.9064e-03,-1.1
-2.9056e-03,-1.3
-2.9048e-03,-1.3
-2.9040e-03,-1.3
-2.9032e-03,-1.3
-2.9024e-03,-1.3
-2.9016e-03,-1.3
-2.9008e-03,-1.3
-2.9000e-03,-1.3
-2.8992e-03,-1.3
-2.8984e-03,-1.3
-2.8976e-03,-1.3
-2.8968e-03,-1.3
-2.8960e-03,-1.3
-2.8952e-03,-1.3
-2.8944e-03,-1.3
-2.8936e-03,-1.3
-2.8928e-03,-1.3
-2.8920e-03,-1.3
-2.8912e-03,-1.3
-2.8904e-03,-1.3
-2.8896e-03,-1.3
-2.8888e-03,-1.3
-2.8880e-03,-1.3
-2.8872e-03,-1.3
-2.8864e-03,-1.3
-2.8856e-03,-1.3
-2.8848e-03,-1.3
-2.8840e-03,-1.3
-2.8832e-03,-1.3
-2.8824e-03,-1.3
-2.8816e-03,-1.3
-2.8808e-03,-1.3
-2.8800e-03,-1.3
-2.8792e-03,-1.3
-2.8784e-03,-1.3
-2.8776e-03,-1.3
-2.8768e-03,-1.3
-2.8760e-03,-1.3
-2.8752e-03,-1.3
-2.8744e-03,-1.3
-2.8736e-03,-1.3
-2.8728e-03,-1.3
-2.8720e-03,-1.5
-2.8712e-03,-1.3
-2.8704e-03,-1.3
-2.8696e-03,-1.3
-2.8688e-03,-1.3
-2.8680e-03,-1.3
-2.8672e-03,-1.3
-2.8664e-03,-1.3
-2.8656e-03,-1.3
-2.8648e-03,-1.3
-2.8640e-03,-1.3
-2.8632e-03,-1.3
-2.8624e-03,-1.3
-2.8616e-03,-1.3
-2.8608e-03,-1.3
-2.8600e-03,-1.3
-2.8592e-03,-1.3
-2.8584e-03,-1.3
-2.8576e-03,-1.3
-2.8568e-03,-1.5
-2.8560e-03,-1.3
-2.8552e-03,-1.3
-2.8544e-03,-1.3
-2.8536e-03,-1.3
-2.8528e-03,-1.3
-2.8520e-03,-1.3
-2.8512e-03,-1.3
-2.8504e-03,-1.3
-2.8496e-03,-1.3
-2.8488e-03,-1.3
-2.8480e-03,-1.3
-2.8472e-03,-1.5
-2.8464e-03,-1.5
-2.8456e-03,-1.5
-2.8448e-03,-1.3
-2.8440e-03,-1.3
-2.8432e-03,-1.3
-2.8424e-03,-1.5
-2.8416e-03,-1.3
-2.8408e-03,-1.5
-2.8400e-03,-1.5
-2.8392e-03,-1.5
-2.8384e-03,-1.5
-2.8376e-03,-1.5
-2.8368e-03,-1.3
-2.8360e-03,-1.5
-2.8352e-03,-1.5
-2.8344e-03,-1.5
-2.8336e-03,-1.3
-2.8328e-03,-1.5
-2.8320e-03,-1.5
-2.8312e-03,-1.5
-2.8304e-03,-1.5
-2.8296e-03,-1.5
-2.8288e-03,-1.5
-2.8280e-03,-1.5
-2.8272e-03,-1.3
-2.8264e-03,-1.3
-2.8256e-03,-1.5
-2.8248e-03,-1.5
-2.8240e-03,-1.5
-2.8232e-03,-1.5
-2.8224e-03,-1.5
-2.8216e-03,-1.5
-2.8208e-03,-1.5
-2.8200e-03,-1.5
-2.8192e-03,-1.5
-2.8184e-03,-1.5
-2.8176e-03,-1.5
-2.8168e-03,-1.5
-2.8160e-03,-1.5
-2.8152e-03,-1.5
-2.8144e-03,-1.5
-2.8136e-03,-1.5
-2.8128e-03,-1.5
-2.8120e-03,-1.5
-2.8112e-03,-1.5
-2.8104e-03,-1.5
-2.8096e-03,-1.5
-2.8088e-03,-1.5
-2.8080e-03,-1.5
-2.8072e-03,-1.5
-2.8064e-03,-1.5
-2.8056e-03,-1.5
-2.8048e-03,-1.5
-2.8040e-03,-1.5
-2.8032e-03,-1.5
-2.8024e-03,-1.5
-2.8016e-03,-1.5
-2.8008e-03,-1.5
-2.8000e-03,-1.5
-2.7992e-03,-1.5
-2.7984e-03,-1.5
-2.7976e-03,-1.5
-2.7968e-03,-1.5
-2.7960e-03,-1.5
-2.7952e-03,-1.5
-2.7944e-03,-1.5
-2.7936e-03,-1.5
-2.7928e-03,-1.5
-2.7920e-03,-1.5
-2.7912e-03,-1.5
-2.7904e-03,-1.5
-2.7896e-03,-1.5
-2.7888e-03,-1.5
-2.7880e-03,-1.5
-2.7872e-03,-1.5
-2.7864e-03,-1.5
-2.7856e-03,-1.5
-2.7848e-03,-1.5
-2.7840e-03,-1.5
-2.7832e-03,-1.5
-2.7824e-03,-1.5
-2.7816e-03,-1.5
-2.7808e-03,-1.5
-2.7800e-03,-1.5
-2.7792e-03,-1.5
-2.7784e-03,-1.5
-2.7776e-03,-1.5
-2.7768e-03,-1.5
-2.7760e-03,-1.5
-2.7752e-03,-1.5
-2.7744e-03,-1.5
-2.7736e-03,-1.5
-2.7728e-03,-1.5
-2.7720e-03,-1.5
-2.7712e-03,-1.5
-2.7704e-03,-1.5
-2.7696e-03,-1.5
-2.7688e-03,-1.7
-2.7680e-03,-1.5
-2.7672e-03,-1.5
-2.7664e-03,-1.5
-2.7656e-03,-1.5
-2.7648e-03,-1.7
-2.7640e-03,-1.5
-2.7632e-03,-1.7
-2.7624e-03,-1.5
-2.7616e-03,-1.7
-2.7608e-03,-1.5
-2.7600e-03,-1.7
-2.7592e-03,-1.7
-2.7584e-03,-1.5
-2.7576e-03,-1.5
-2.7568e-03,-1.5
-2.7560e-03,-1.5
-2.7552e-03,-1.7
-2.7544e-03,-1.5
-2.7536e-03,-1.7
-2.7528e-03,-1.5
-2.7520e-03,-1.7
-2.7512e-03,-1.7
-2.7504e-03,-1.5
-2.7496e-03,-1.7
-2.7488e-03,-1.7
-2.7480e-03,-1.7
-2.7472e-03,-1.7
-2.7464e-03,-1.7
-2.7456e-03,-1.7
-2.7448e-03,-1.7
-2.7440e-03,-1.5
-2.7432e-03,-1.7
-2.7424e-03,-1.7
-2.7416e-03,-1.7
-2.7408e-03,-1.7
-2.7400e-03,-1.5
-2.7392e-03,-1.7
-2.7384e-03,-1.7
-2.7376e-03,-1.5
-2.7368e-03,-1.5
-2.7360e-03,-1.7
-2.7352e-03,-1.7
-2.7344e-03,-1.7
-2.7336e-03,-1.7
-2.7328e-03,-1.7
-2.7320e-03,-1.7
-2.7312e-03,-1.7
-2.7304e-03,-1.7
-2.7296e-03,-1.7
-2.7288e-03,-1.5
-2.7280e-03,-1.7
-2.7272e-03,-1.7
-2.7264e-03,-1.7
-2.7256e-03,-1.7
-2.7248e-03,-1.7
-2.7240e-03,-1.7
-2.7232e-03,-1.7
-2.7224e-03,-1.7
-2.7216e-03,-1.7
-2.7208e-03,-1.7
-2.7200e-03,-1.7
-2.7192e-03,-1.7
-2.7184e-03,-1.7
-2.7176e-03,-1.7
-2.7168e-03,-1.7
-2.7160e-03,-1.7
-2.7152e-03,-1.7
-2.7144e-03,-1.7
-2.7136e-03,-1.7
-2.7128e-03,-1.7
-2.7120e-03,-1.7
-2.7112e-03,-1.7
-2.7104e-03,-1.7
-2.7096e-03,-1.7
-2.7088e-03,-1.7
-2.7080e-03,-1.7
-2.7072e-03,-1.7
-2.7064e-03,-1.7
-2.7056e-03,-1.7
-2.7048e-03,-1.7
-2.7040e-03,-1.7
-2.7032e-03,-1.7
-2.7024e-03,-1.7
-2.7016e-03,-1.7
-2.7008e-03,-1.7
-2.7000e-03,-1.7
-2.6992e-03,-1.7
-2.6984e-03,-1.7
-2.6976e-03,-1.7
-2.6968e-03,-1.7
-2.6960e-03,-1.7
-2.6952e-03,-1.7
-2.6944e-03,-1.7
-2.6936e-03,-1.7
-2.6928e-03,-1.7
-2.6920e-03,-1.7
-2.6912e-03,-1.7
-2.6904e-03,-1.7
-2.6896e-03,-1.7
-2.6888e-03,-1.7
-2.6880e-03,-1.7
-2.6872e-03,-1.7
-2.6864e-03,-1.7
-2.6856e-03,-1.7
-2.6848e-03,-1.7
-2.6840e-03,-1.7
-2.6832e-03,-1.7
-2.6824e-03,-1.7
-2.6816e-03,-1.7
-2.6808e-03,-1.7
-2.6800e-03,-1.7
-2.6792e-03,-1.7
-2.6784e-03,-1.7
-2.6776e-03,-1.7
-2.6768e-03,-1.7
-2.6760e-03,-1.7
-2.6752e-03,-1.7
-2.6744e-03,-1.7
-2.6736e-03,-1.7
-2.6728e-03,-1.7
-2.6720e-03,-1.7
-2.6712e-03,-1.7
-2.6704e-03,-1.7
-2.6696e-03,-1.7
-2.6688e-03,-1.7
-2.6680e-03,-1.7
-2.6672e-03,-1.7
-2.6664e-03,-1.9
-2.6656e-03,-1.7
-2.6648e-03,-1.7
-2.6640e-03,-1.7
-2.6632e-03,-1.7
-2.6624e-03,-1.7
-2.6616e-03,-1.9
-2.6608e-03,-1.7
-2.6600e-03,-1.7
-2.6592e-03,-1.7
-2.6584e-03,-1.7
-2.6576e-03,-1.7
-2.6568e-03,-1.7
-2.6560e-03,-1.7
-2.6552e-03,-1.9
-2.6544e-03,-1.9
-2.6536e-03,-1.9
-2.6528e-03,-1.7
-2.6520e-03,-1.7
-2.6512e-03,-1.7
-2.6504e-03,-1.9
-2.6496e-03,-1.7
-2.6488e-03,-1.7
-2.6480e-03,-1.9
-2.6472e-03,-1.7
-2.6464e-03,-1.7
-2.6456e-03,-1.7
-2.6448e-03,-1.7
-2.6440e-03,-1.7
-2.6432e-03,-1.7
-2.6424e-03,-1.7
-2.6416e-03,-1.7
-2.6408e-03,-1.7
-2.6400e-03,-1.9
-2.6392e-03,-1.7
-2.6384e-03,-1.9
-2.6376e-03,-1.9
-2.6368e-03,-1.9
-2.6360e-03,-1.9
-2.6352e-03,-1.7
-2.6344e-03,-1.7
-2.6336e-03,-1.7
-2.6328e-03,-1.9
-2.6320e-03,-1.9
-2.6312e-03,-1.7
-2.6304e-03,-1.9
-2.6296e-03,-1.9
-2.6288e-03,-1.7
-2.6280e-03,-1.9
-2.6272e-03,-1.9
-2.6264e-03,-1.9
-2.6256e-03,-1.9
-2.6248e-03,-1.7
-2.6240e-03,-1.9
-2.6232e-03,-1.9
-2.6224e-03,-1.9
-2.6216e-03,-1.9
-2.6208e-03,-1.9
-2.6200e-03,-1.9
-2.6192e-03,-1.9
-2.6184e-03,-1.9
-2.6176e-03,-1.9
-2.6168e-03,-1.9
-2.6160e-03,-1.7
-2.6152e-03,-1.9
-2.6144e-03,-1.7
-2.6136e-03,-1.9
-2.6128e-03,-1.9
-2.6120e-03,-1.9
-2.6112e-03,-1.9
-2.6104e-03,-1.9
-2.6096e-03,-1.9
-2.6088e-03,-1.9
-2.6080e-03,-1.9
-2.6072e-03,-1.9
-2.6064e-03,-1.9
-2.6056e-03,-1.9
-2.6048e-03,-1.9
-2.6040e-03,-1.9
-2.6032e-03,-1.9
-2.6024e-03,-1.9
-2.6016e-03,-1.9
-2.6008e-03,-1.9
-2.6000e-03,-1.9
-2.5992e-03,-1.9
-2.5984e-03,-1.9
-2.5976e-03,-1.9
-2.5968e-03,-1.9
-2.5960e-03,-1.9
-2.5952e-03,-1.9
-2.5944e-03,-1.9
-2.5936e-03,-1.9
-2.5928e-03,-1.9
-2.5920e-03,-1.9
-2.5912e-03,-1.9
-2.5904e-03,-1.9
-2.5896e-03,-1.9
-2.5888e-03,-1.7
-2.5880e-03,-1.9
-2.5872e-03,-1.9
-2.5864e-03,-1.9
-2.5856e-03,-1.9
-2.5848e-03,-1.9
-2.5840e-03,-1.9
-2.5832e-03,-1.9
-2.5824e-03,-1.9
-2.5816e-03,-1.9
-2.5808e-03,-1.9
-2.5800e-03,-1.9
-2.5792e-03,-1.9
-2.5784e-03,-1.9
-2.5776e-03,-1.9
-2.5768e-03,-1.9
-2.5760e-03,-1.9
-2.5752e-03,-1.9
-2.5744e-03,-1.9
-2.5736e-03,-1.9
-2.5728e-03,-1.9
-2.5720e-03,-1.9
-2.5712e-03,-1.9
-2.5704e-03,-1.9
-2.5696e-03,-1.9
-2.5688e-03,-1.9
-2.5680e-03,-1.9
-2.5672e-03,-1.9
-2.5664e-03,-1.9
-2.5656e-03,-1.9
-2.5648e-03,-1.9
-2.5640e-03,-1.9
-2.5632e-03,-1.9
-2.5624e-03,-1.9
-2.5616e-03,-1.9
-2.5608e-03,-1.9
-2.5600e-03,-1.9
-2.5592e-03,-1.9
-2.5584e-03,-1.9
-2.5576e-03,-1.9
-2.5568e-03,-1.9
-2.5560e-03,-1.9
-2.5552e-03,-1.9
-2.5544e-03,-1.9
-2.5536e-03,-1.9
-2.5528e-03,-1.9
-2.5520e-03,-1.9
-2.5512e-03,-2.1
-2.5504e-03,-1.9
-2.5496e-03,-1.9
-2.5488e-03,-1.9
-2.5480e-03,-1.9
-2.5472e-03,-1.9
-2.5464e-03,-1.9
-2.5456e-03,-1.9
-2.5448e-03,-1.9
-2.5440e-03,-1.9
-2.5432e-03,-1.9
-2.5424e-03,-1.9
-2.5416e-03,-1.9
-2.5408e-03,-1.9
-2.5400e-03,-2.1
-2.5392e-03,-1.9
-2.5384e-03,-1.9
-2.5376e-03,-1.9
-2.5368e-03,-1.9
-2.5360e-03,-1.9
-2.5352e-03,-1.9
-2.5344e-03,-1.9
-2.5336e-03,-1.9
-2.5328e-03,-2.1
-2.5320e-03,-1.9
-2.5312e-03,-1.9
-2.5304e-03,-1.9
-2.5296e-03,-1.9
-2.5288e-03,-1.9
-2.5280e-03,-1.9
-2.5272e-03,-2.1
-2.5264e-03,-1.9
-2.5256e-03,-1.9
-2.5248e-03,-1.9
-2.5240e-03,-1.9
-2.5232e-03,-1.9
-2.5224e-03,-1.9
-2.5216e-03,-1.9
-2.5208e-03,-1.9
-2.5200e-03,-1.9
-2.5192e-03,-2.1
-2.5184e-03,-2.1
-2.5176e-03,-1.9
-2.5168e-03,-1.9
-2.5160e-03,-1.9
-2.5152e-03,-1.9
-2.5144e-03,-1.9
-2.5136e-03,-2.1
-2.5128e-03,-1.9
-2.5120e-03,-1.9
-2.5112e-03,-1.9
-2.5104e-03,-1.9
-2.5096e-03,-1.9
-2.5088e-03,-1.9
-2.5080e-03,-2.1
-2.5072e-03,-1.9
-2.5064e-03,-2.1
-2.5056e-03,-1.9
-2.5048e-03,-1.9
-2.5040e-03,-1.9
-2.5032e-03,-1.9
-2.5024e-03,-1.9
-2.5016e-03,-2.1
-2.5008e-03,-1.9
-2.5000e-03,-2.1
-2.4992e-03,-1.9
-2.4984e-03,-1.9
-2.4976e-03,-1.9
-2.4968e-03,-1.9
-2.4960e-03,-1.9
-2.4952e-03,-2.1
-2.4944e-03,-1.9
-2.4936e-03,-2.1
-2.4928e-03,-1.9
-2.4920e-03,-1.9
-2.4912e-03,-1.9
-2.4904e-03,-1.9
-2.4896e-03,-1.9
-2.4888e-03,-1.9
-2.4880e-03,-1.9
-2.4872e-03,-1.9
-2.4864e-03,-1.9
-2.4856e-03,-1.9
-2.4848e-03,-1.9
-2.4840e-03,-1.9
-2.4832e-03,-1.9
-2.4824e-03,-1.9
-2.4816e-03,-1.9
-2.4808e-03,-1.9
-2.4800e-03,-1.9
-2.4792e-03,-1.9
-2.4784e-03,-1.9
-2.4776e-03,-1.9
-2.4768e-03,-1.9
-2.4760e-03,-1.9
-2.4752e-03,-1.9
-2.4744e-03,-2.1
-2.4736e-03,-1.9
-2.4728e-03,-1.9
-2.4720e-03,-1.9
-2.4712e-03,-1.9
-2.4704e-03,-1.9
-2.4696e-03,-1.9
-2.4688e-03,-1.9
-2.4680e-03,-2.1
-2.4672e-03,-1.9
-2.4664e-03,-1.9
-2.4656e-03,-1.9
-2.4648e-03,-1.9
-2.4640e-03,-1.9
-2.4632e-03,-1.9
-2.4624e-03,-2.1
-2.4616e-03,-1.9
-2.4608e-03,-1.9
-2.4600e-03,-2.1
-2.4592e-03,-1.9
-2.4584e-03,-2.1
-2.4576e-03,-1.9
-2.4568e-03,-1.9
-2.4560e-03,-1.9
-2.4552e-03,-2.1
-2.4544e-03,-2.1
-2.4536e-03,-1.9
-2.4528e-03,-1.9
-2.4520e-03,-1.9
-2.4512e-03,-1.9
-2.4504e-03,-2.1
-2.4496e-03,-1.9
-2.4488e-03,-1.9
-2.4480e-03,-2.1
-2.4472e-03,-1.9
-2.4464e-03,-1.9
-2.4456e-03,-1.9
-2.4448e-03,-1.9
-2.4440e-03,-1.9
-2.4432e-03,-1.9
-2.4424e-03,-1.9
-2.4416e-03,-1.9
-2.4408e-03,-1.9
-2.4400e-03,-1.9
-2.4392e-03,-1.9
-2.4384e-03,-1.9
-2.4376e-03,-1.9
-2.4368e-03,-1.9
-2.4360e-03,-1.9
-2.4352e-03,-1.9
-2.4344e-03,-1.9
-2.4336e-03,-1.9
-2.4328e-03,-1.9
-2.4320e-03,-1.9
-2.4312e-03,-1.9
-2.4304e-03,-1.9
-2.4296e-03,-1.9
-2.4288e-03,-1.9
-2.4280e-03,-1.9
-2.4272e-03,-1.9
-2.4264e-03,-1.9
-2.4256e-03,-1.9
-2.4248e-03,-1.9
-2.4240e-03,-1.9
-2.4232e-03,-1.9
-2.4224e-03,-1.9
-2.4216e-03,-1.9
-2.4208e-03,-1.9
-2.4200e-03,-1.9
-2.4192e-03,-1.9
-2.4184e-03,-1.9
-2.4176e-03,-1.9
-2.4168e-03,-1.9
-2.4160e-03,-1.9
-2.4152e-03,-1.9
-2.4144e-03,-1.9
-2.4136e-03,-1.9
-2.4128e-03,-1.9
-2.4120e-03,-1.9
-2.4112e-03,-1.9
-2.4104e-03,-1.9
-2.4096e-03,-1.9
-2.4088e-03,-1.9
-2.4080e-03,-1.9
-2.4072e-03,-1.7
-2.4064e-03,-1.9
-2.4056e-03,-1.9
-2.4048e-03,-1.9
-2.4040e-03,-1.9
-2.4032e-03,-1.9
-2.4024e-03,-1.9
-2.4016e-03,-1.9
-2.4008e-03,-1.9
-2.4000e-03,-1.9
-2.3992e-03,-1.9
-2.3984e-03,-1.9
-2.3976e-03,-1.9
-2.3968e-03,-1.9
-2.3960e-03,-1.9
-2.3952e-03,-1.9
-2.3944e-03,-1.9
-2.3936e-03,-1.9
-2.3928e-03,-1.9
-2.3920e-03,-1.9
-2.3912e-03,-1.9
-2.3904e-03,-1.9
-2.3896e-03,-1.9
-2.3888e-03,-1.9
-2.3880e-03,-1.9
-2.3872e-03,-1.9
-2.3864e-03,-1.7
-2.3856e-03,-1.7
-2.3848e-03,-1.9
-2.3840e-03,-1.9
-2.3832e-03,-1.9
-2.3824e-03,-1.9
-2.3816e-03,-1.9
-2.3808e-03,-1.9
-2.3800e-03,-1.7
-2.3792e-03,-1.9
-2.3784e-03,-1.9
-2.3776e-03,-1.9
-2.3768e-03,-1.9
-2.3760e-03,-1.7
-2.3752e-03,-1.7
-2.3744e-03,-1.9
-2.3736e-03,-1.7
-2.3728e-03,-1.7
-2.3720e-03,-1.9
-2.3712e-03,-1.7
-2.3704e-03,-1.9
-2.3696e-03,-1.9
-2.3688e-03,-1.9
-2.3680e-03,-1.9
-2.3672e-03,-1.9
-2.3664e-03,-1.9
-2.3656e-03,-1.9
-2.3648e-03,-1.7
-2.3640e-03,-1.7
-2.3632e-03,-1.7
-2.3624e-03,-1.7
-2.3616e-03,-1.7
-2.3608e-03,-1.7
-2.3600e-03,-1.9
-2.3592e-03,-1.7
-2.3584e-03,-1.7
-2.3576e-03,-1.7
-2.3568e-03,-1.7
-2.3560e-03,-1.9
-2.3552e-03,-1.7
-2.3544e-03,-1.7
-2.3536e-03,-1.9
-2.3528e-03,-1.7
-2.3520e-03,-1.7
-2.3512e-03,-1.7
-2.3504e-03,-1.9
-2.3496e-03,-1.7
-2.3488e-03,-1.7
-2.3480e-03,-1.7
-2.3472e-03,-1.7
-2.3464e-03,-1.7
-2.3456e-03,-1.7
-2.3448e-03,-1.7
-2.3440e-03,-1.7
-2.3432e-03,-1.7
-2.3424e-03,-1.7
-2.3416e-03,-1.7
-2.3408e-03,-1.7
-2.3400e-03,-1.7
-2.3392e-03,-1.7
-2.3384e-03,-1.7
-2.3376e-03,-1.7
-2.3368e-03,-1.7
-2.3360e-03,-1.7
-2.3352e-03,-1.7
-2.3344e-03,-1.7
-2.3336e-03,-1.7
-2.3328e-03,-1.7
-2.3320e-03,-1.7
-2.3312e-03,-1.7
-2.3304e-03,-1.7
-2.3296e-03,-1.7
-2.3288e-03,-1.7
-2.3280e-03,-1.7
-2.3272e-03,-1.7
-2.3264e-03,-1.7
-2.3256e-03,-1.7
-2.3248e-03,-1.7
-2.3240e-03,-1.7
-2.3232e-03,-1.7
-2.3224e-03,-1.7
-2.3216e-03,-1.7
-2.3208e-03,-1.7
-2.3200e-03,-1.7
-2.3192e-03,-1.7
-2.3184e-03,-1.7
-2.3176e-03,-1.7
-2.3168e-03,-1.7
-2.3160e-03,-1.7
-2.3152e-03,-1.7
-2.3144e-03,-1.7
-2.3136e-03,-1.7
-2.3128e-03,-1.7
-2.3120e-03,-1.7
-2.3112e-03,-1.7
-2.3104e-03,-1.7
-2.3096e-03,-1.7
-2.3088e-03,-1.7
-2.3080e-03,-1.7
-2.3072e-03,-1.7
-2.3064e-03,-1.7
-2.3056e-03,-1.7
-2.3048e-03,-1.7
-2.3040e-03,-1.7
-2.3032e-03,-1.7
-2.3024e-03,-1.7
-2.3016e-03,-1.7
-2.3008e-03,-1.7
-2.3000e-03,-1.7
-2.2992e-03,-1.7
-2.2984e-03,-1.7
-2.2976e-03,-1.7
-2.2968e-03,-1.7
-2.2960e-03,-1.7
-2.2952e-03,-1.7
-2.2944e-03,-1.7
-2.2936e-03,-1.7
-2.2928e-03,-1.7
-2.2920e-03,-1.7
-2.2912e-03,-1.7
-2.2904e-03,-1.7
-2.2896e-03,-1.7
-2.2888e-03,-1.7
-2.2880e-03,-1.5
-2.2872e-03,-1.5
-2.2864e-03,-1.7
-2.2856e-03,-1.7
-2.2848e-03,-1.7
-2.2840e-03,-1.7
-2.2832e-03,-1.7
-2.2824e-03,-1.7
-2.2816e-03,-1.7
-2.2808e-03,-1.7
-2.2800e-03,-1.5
-2.2792e-03,-1.7
-2.2784e-03,-1.5
-2.2776e-03,-1.7
-2.2768e-03,-1.7
-2.2760e-03,-1.7
-2.2752e-03,-1.7
-2.2744e-03,-1.5
-2.2736e-03,-1.5
-2.2728e-03,-1.7
-2.2720e-03,-1.5
-2.2712e-03,-1.7
-2.2704e-03,-1.5
-2.2696e-03,-1.7
-2.2688e-03,-1.5
-2.2680e-03,-1.7
-2.2672e-03,-1.5
-2.2664e-03,-1.7
-2.2656e-03,-1.5
-2.2648e-03,-1.7
-2.2640e-03,-1.5
-2.2632e-03,-1.7
-2.2624e-03,-1.5
-2.2616e-03,-1.7
-2.2608e-03,-1.5
-2.2600e-03,-1.5
-2.2592e-03,-1.5
-2.2584e-03,-1.7
-2.2576e-03,-1.5
-2.2568e-03,-1.5
-2.2560e-03,-1.5
-2.2552e-03,-1.5
-2.2544e-03,-1.5
-2.2536e-03,-1.7
-2.2528e-03,-1.5
-2.2520e-03,-1.5
-2.2512e-03,-1.5
-2.2504e-03,-1.5
-2.2496e-03,-1.5
-2.2488e-03,-1.5
-2.2480e-03,-1.5
-2.2472e-03,-1.5
-2.2464e-03,-1.5
-2.2456e-03,-1.5
-2.2448e-03,-1.5
-2.2440e-03,-1.5
-2.2432e-03,-1.5
-2.2424e-03,-1.5
-2.2416e-03,-1.5
-2.2408e-03,-1.5
-2.2400e-03,-1.5
-2.2392e-03,-1.5
-2.2384e-03,-1.5
-2.2376e-03,-1.5
-2.2368e-03,-1.5
-2.2360e-03,-1.5
-2.2352e-03,-1.5
-2.2344e-03,-1.5
-2.2336e-03,-1.5
-2.2328e-03,-1.5
-2.2320e-03,-1.5
-2.2312e-03,-1.5
-2.2304e-03,-1.5
-2.2296e-03,-1.5
-2.2288e-03,-1.5
-2.2280e-03,-1.5
-2.2272e-03,-1.5
-2.2264e-03,-1.5
-2.2256e-03,-1.5
-2.2248e-03,-1.5
-2.2240e-03,-1.5
-2.2232e-03,-1.5
-2.2224e-03,-1.5
-2.2216e-03,-1.5
-2.2208e-03,-1.5
-2.2200e-03,-1.5
-2.2192e-03,-1.5
-2.2184e-03,-1.5
-2.2176e-03,-1.5
-2.2168e-03,-1.5
-2.2160e-03,-1.5
-2.2152e-03,-1.5
-2.2144e-03,-1.5
-2.2136e-03,-1.5
-2.2128e-03,-1.5
-2.2120e-03,-1.5
-2.2112e-03,-1.5
-2.2104e-03,-1.5
-2.2096e-03,-1.5
-2.2088e-03,-1.5
-2.2080e-03,-1.3
-2.2072e-03,-1.3
-2.2064e-03,-1.3
-2.2056e-03,-1.5
-2.2048e-03,-1.3
-2.2040e-03,-1.5
-2.2032e-03,-1.5
-2.2024e-03,-1.5
-2.2016e-03,-1.3
-2.2008e-03,-1.5
-2.2000e-03,-1.5
-2.1992e-03,-1.5
-2.1984e-03,-1.5
-2.1976e-03,-1.5
-2.1968e-03,-1.5
-2.1960e-03,-1.5
-2.1952e-03,-1.5
-2.1944e-03,-1.5
-2.1936e-03,-1.3
-2.1928e-03,-1.5
-2.1920e-03,-1.3
-2.1912e-03,-1.3
-2.1904e-03,-1.5
-2.1896e-03,-1.3
-2.1888e-03,-1.3
-2.1880e-03,-1.3
-2.1872e-03,-1.5
-2.1864e-03,-1.5
-2.1856e-03,-1.3
-2.1848e-03,-1.5
-2.1840e-03,-1.3
-2.1832e-03,-1.5
-2.1824e-03,-1.3
-2.1816e-03,-1.3
-2.1808e-03,-1.3
-2.1800e-03,-1.3
-2.1792e-03,-1.3
-2.1784e-03,-1.3
-2.1776e-03,-1.3
-2.1768e-03,-1.3
-2.1760e-03,-1.3
-2.1752e-03,-1.3
-2.1744e-03,-1.5
-2.1736e-03,-1.3
-2.1728e-03,-1.3
-2.1720e-03,-1.3
-2.1712e-03,-1.3
-2.1704e-03,-1.3
-2.1696e-03,-1.3
-2.1688e-03,-1.3
-2.1680e-03,-1.3
-2.1672e-03,-1.3
-2.1664e-03,-1.3
-2.1656e-03,-1.3
-2.1648e-03,-1.5
-2.1640e-03,-1.3
-2.1632e-03,-1.3
-2.1624e-03,-1.3
-2.1616e-03,-1.3
-2.1608e-03,-1.3
-2.1600e-03,-1.3
-2.1592e-03,-1.3
-2.1584e-03,-1.3
-2.1576e-03,-1.3
-2.1568e-03,-1.3
-2.1560e-03,-1.3
-2.1552e-03,-1.3
-2.1544e-03,-1.3
-2.1536e-03,-1.3
-2.1528e-03,-1.3
-2.1520e-03,-1.3
-2.1512e-03,-1.3
-2.1504e-03,-1.3
-2.1496e-03,-1.3
-2.1488e-03,-1.3
-2.1480e-03,-1.3
-2.1472e-03,-1.3
-2.1464e-03,-1.3
-2.1456e-03,-1.3
-2.1448e-03,-1.3
-2.1440e-03,-1.3
-2.1432e-03,-1.3
-2.1424e-03,-1.3
-2.1416e-03,-1.3
-2.1408e-03,-1.3
-2.1400e-03,-1.3
-2.1392e-03,-1.3
-2.1384e-03,-1.3
-2.1376e-03,-1.3
-2.1368e-03,-1.3
-2.1360e-03,-1.3
-2.1352e-03,-1.3
-2.1344e-03,-1.3
-2.1336e-03,-1.1
-2.1328e-03,-1.3
-2.1320e-03,-1.3
-2.1312e-03,-1.1
-2.1304e-03,-1.1
-2.1296e-03,-1.1
-2.1288e-03,-1.3
-2.1280e-03,-1.1
-2.1272e-03,-1.3
-2.1264e-03,-1.3
-2.1256e-03,-1.1
-2.1248e-03,-1.1
-2.1240e-03,-1.1
-2.1232e-03,-1.3
-2.1224e-03,-1.1
-2.1216e-03,-1.1
-2.1208e-03,-1.1
-2.1200e-03,-1.3
-2.1192e-03,-1.1
-2.1184e-03,-1.1
-2.1176e-03,-1.1
-2.1168e-03,-1.1
-2.1160e-03,-1.1
-2.1152e-03,-1.1
-2.1144e-03,-1.1
-2.1136e-03,-1.1
-2.1128e-03,-1.1
-2.1120e-03,-1.1
-2.1112e-03,-1.1
-2.1104e-03,-1.1
-2.1096e-03,-1.1
-2.1088e-03,-1.1
-2.1080e-03,-1.1
-2.1072e-03,-1.1
-2.1064e-03,-1.1
-2.1056e-03,-1.1
-2.1048e-03,-1.1
-2.1040e-03,-1.1
-2.1032e-03,-1.1
-2.1024e-03,-1.1
-2.1016e-03,-1.1
-2.1008e-03,-1.1
-2.1000e-03,-1.1
-2.0992e-03,-1.1
-2.0984e-03,-1.1
-2.0976e-03,-1.1
-2.0968e-03,-1.1
-2.0960e-03,-1.1
-2.0952e-03,-1.1
-2.0944e-03,-1.1
-2.0936e-03,-1.1
-2.0928e-03,-1.1
-2.0920e-03,-1.1
-2.0912e-03,-1.1
-2.0904e-03,-1.1
-2.0896e-03,-1.1
-2.0888e-03,-1.1
-2.0880e-03,-1.1
-2.0872e-03,-1.1
-2.0864e-03,-1.1
-2.0856e-03,-1.1
-2.0848e-03,-1.1
-2.0840e-03,-1.1
-2.0832e-03,-1.1
-2.0824e-03,-1.1
-2.0816e-03,-1.1
-2.0808e-03,-1.1
-2.0800e-03,-1.1
-2.0792e-03,-1.1
-2.0784e-03,-1.1
-2.0776e-03,-0.9
-2.0768e-03,-1.1
-2.0760e-03,-1.1
-2.0752e-03,-0.9
-2.0744e-03,-0.9
-2.0736e-03,-0.9
-2.0728e-03,-1.1
-2.0720e-03,-1.1
-2.0712e-03,-0.9
-2.0704e-03,-0.9
-2.0696e-03,-0.9
-2.0688e-03,-0.9
-2.0680e-03,-0.9
-2.0672e-03,-1.1
-2.0664e-03,-0.9
-2.0656e-03,-0.9
-2.0648e-03,-0.9
-2.0640e-03,-0.9
-2.0632e-03,-0.9
-2.0624e-03,-0.9
-2.0616e-03,-0.9
-2.0608e-03,-0.9
-2.0600e-03,-1.1
-2.0592e-03,-0.9
-2.0584e-03,-0.9
-2.0576e-03,-0.9
-2.0568e-03,-1.1
-2.0560e-03,-0.9
-2.0552e-03,-0.9
-2.0544e-03,-0.9
-2.0536e-03,-0.9
-2.0528e-03,-0.9
-2.0520e-03,-0.9
-2.0512e-03,-0.9
-2.0504e-03,-0.9
-2.0496e-03,-0.9
-2.0488e-03,-0.9
-2.0480e-03,-0.9
-2.0472e-03,-0.9
-2.0464e-03,-0.9
-2.0456e-03,-0.9
-2.0448e-03,-0.9
-2.0440e-03,-0.9
-2.0432e-03,-0.9
-2.0424e-03,-0.9
-2.0416e-03,-0.9
-2.0408e-03,-0.9
-2.0400e-03,-0.9
-2.0392e-03,-0.9
-2.0384e-03,-0.9
-2.0376e-03,-0.9
-2.0368e-03,-0.9
-2.0360e-03,-0.9
-2.0352e-03,-0.9
-2.0344e-03,-0.9
-2.0336e-03,-0.9
-2.0328e-03,-0.9
-2.0320e-03,-0.9
-2.0312e-03,-0.9
-2.0304e-03,-0.9
-2.0296e-03,-0.9
-2.0288e-03,-0.9
-2.0280e-03,-0.9
-2.0272e-03,-0.9
-2.0264e-03,-0.9
-2.0256e-03,-0.9
-2.0248e-03,-0.9
-2.0240e-03,-0.9
-2.0232e-03,-0.9
-2.0224e-03,-0.9
-2.0216e-03,-0.9
-2.0208e-03,-0.9
-2.0200e-03,-0.7
-2.0192e-03,-0.9
-2.0184e-03,-0.9
-2.0176e-03,-0.7
-2.0168e-03,-0.9
-2.0160e-03,-0.7
-2.0152e-03,-0.9
-2.0144e-03,-0.9
-2.0136e-03,-0.7
-2.0128e-03,-0.9
-2.0120e-03,-0.9
-2.0112e-03,-0.9
-2.0104e-03,-0.9
-2.0096e-03,-0.9
-2.0088e-03,-0.7
-2.0080e-03,-0.9
-2.0072e-03,-0.7
-2.0064e-03,-0.7
-2.0056e-03,-0.7
-2.0048e-03,-0.7
-2.0040e-03,-0.7
-2.0032e-03,-0.7
-2.0024e-03,-0.7
-2.0016e-03,-0.7
-2.0008e-03,-0.7
-2.0000e-03,-0.7
-1.9992e-03,-0.7
-1.9984e-03,-0.7
-1.9976e-03,-0.7
-1.9968e-03,-0.7
-1.9960e-03,-0.7
-1.9952e-03,-0.7
-1.9944e-03,-0.7
-1.9936e-03,-0.7
-1.9928e-03,-0.7
-1.9920e-03,-0.7
-1.9912e-03,-0.7
-1.9904e-03,-0.7
-1.9896e-03,-0.7
-1.9888e-03,-0.7
-1.9880e-03,-0.7
-1.9872e-03,-0.7
-1.9864e-03,-0.7
-1.9856e-03,-0.7
-1.9848e-03,-0.7
-1.9840e-03,-0.7
-1.9832e-03,-0.7
-1.9824e-03,-0.7
-1.9816e-03,-0.7
-1.9808e-03,-0.7
-1.9800e-03,-0.7
-1.9792e-03,-0.7
-1.9784e-03,-0.7
-1.9776e-03,-0.7
-1.9768e-03,-0.7
-1.9760e-03,-0.7
-1.9752e-03,-0.7
-1.9744e-03,-0.7
-1.9736e-03,-0.7
-1.9728e-03,-0.7
-1.9720e-03,-0.7
-1.9712e-03,-0.5
-1.9704e-03,-0.7
-1.9696e-03,-0.5
-1.9688e-03,-0.7
-1.9680e-03,-0.5
-1.9672e-03,-0.7
-1.9664e-03,-0.7
-1.9656e-03,-0.7
-1.9648e-03,-0.7
-1.9640e-03,-0.5
-1.9632e-03,-0.5
-1.9624e-03,-0.7
-1.9616e-03,-0.7
-1.9608e-03,-0.5
-1.9600e-03,-0.7
-1.9592e-03,-0.5
-1.9584e-03,-0.5
-1.9576e-03,-0.5
-1.9568e-03,-0.5
-1.9560e-03,-0.5
-1.9552e-03,-0.5
-1.9544e-03,-0.5
-1.9536e-03,-0.5
-1.9528e-03,-0.5
-1.9520e-03,-0.7
-1.9512e-03,-0.5
-1.9504e-03,-0.5
-1.9496e-03,-0.5
-1.9488e-03,-0.5
-1.9480e-03,-0.5
-1.9472e-03,-0.5
-1.9464e-03,-0.5
-1.9456e-03,-0.5
-1.9448e-03,-0.5
-1.9440e-03,-0.5
-1.9432e-03,-0.5
-1.9424e-03,-0.5
-1.9416e-03,-0.5
-1.9408e-03,-0.5
-1.9400e-03,-0.5
-1.9392e-03,-0.5
-1.9384e-03,-0.5
-1.9376e-03,-0.5
-1.9368e-03,-0.5
-1.9360e-03,-0.5
-1.9352e-03,-0.5
-1.9344e-03,-0.5
-1.9336e-03,-0.5
-1.9328e-03,-0.5
-1.9320e-03,-0.5
-1.9312e-03,-0.5
-1.9304e-03,-0.5
-1.9296e-03,-0.5
-1.9288e-03,-0.5
-1.9280e-03,-0.5
-1.9272e-03,-0.5
-1.9264e-03,-0.5
-1.9256e-03,-0.5
-1.9248e-03,-0.5
-1.9240e-03,-0.5
-1.9232e-03,-0.5
-1.9224e-03,-0.5
-1.9216e-03,-0.5
-1.9208e-03,-0.3
-1.9200e-03,-0.5
-1.9192e-03,-0.5
-1.9184e-03,-0.5
-1.9176e-03,-0.5
-1.9168e-03,-0.3
-1.9160e-03,-0.5
-1.9152e-03,-0.5
-1.9144e-03,-0.5
-1.9136e-03,-0.3
-1.9128e-03,-0.5
-1.9120e-03,-0.3
-1.9112e-03,-0.5
-1.9104e-03,-0.5
-1.9096e-03,-0.3
-1.9088e-03,-0.3
-1.9080e-03,-0.3
-1.9072e-03,-0.3
-1.9064e-03,-0.3
-1.9056e-03,-0.3
-1.9048e-03,-0.3
-1.9040e-03,-0.3
-1.9032e-03,-0.3
-1.9024e-03,-0.3
-1.9016e-03,-0.3
-1.9008e-03,-0.3
-1.9000e-03,-0.3
-1.8992e-03,-0.3
-1.8984e-03,-0.5
-1.8976e-03,-0.3
-1.8968e-03,-0.3
-1.8960e-03,-0.3
-1.8952e-03,-0.3
-1.8944e-03,-0.3
-1.8936e-03,-0.3
-1.8928e-03,-0.3
-1.8920e-03,-0.3
-1.8912e-03,-0.3
-1.8904e-03,-0.3
-1.8896e-03,-0.3
-1.8888e-03,-0.3
-1.8880e-03,-0.3
-1.8872e-03,-0.3
-1.8864e-03,-0.3
-1.8856e-03,-0.3
-1.8848e-03,-0.3
-1.8840e-03,-0.3
-1.8832e-03,-0.3
-1.8824e-03,-0.3
-1.8816e-03,-0.3
-1.8808e-03,-0.3
-1.8800e-03,-0.3
-1.8792e-03,-0.3
-1.8784e-03,-0.3
-1.8776e-03,-0.3
-1.8768e-03,-0.3
-1.8760e-03,-0.3
-1.8752e-03,-0.3
-1.8744e-03,-0.3
-1.8736e-03,-0.3
-1.8728e-03,-0.3
-1.8720e-03,-0.3
-1.8712e-03,-0.3
-1.8704e-03,-0.3
-1.8696e-03,-0.1
-1.8688e-03,-0.1
-1.8680e-03,-0.3
-1.8672e-03,-0.1
-1.8664e-03,-0.3
-1.8656e-03,-0.3
-1.8648e-03,-0.1
-1.8640e-03,-0.3
-1.8632e-03,-0.3
-1.8624e-03,-0.3
-1.8616e-03,-0.3
-1.8608e-03,-0.1
-1.8600e-03,-0.1
-1.8592e-03,-0.1
-1.8584e-03,-0.1
-1.8576e-03,-0.1
-1.8568e-03,-0.3
-1.8560e-03,-0.1
-1.8552e-03,-0.1
-1.8544e-03,-0.1
-1.8536e-03,-0.1
-1.8528e-03,-0.1
-1.8520e-03,-0.1
-1.8512e-03,-0.1
-1.8504e-03,-0.1
-1.8496e-03,-0.1
-1.8488e-03,-0.1
-1.8480e-03,-0.1
-1.8472e-03,-0.1
-1.8464e-03,-0.1
-1.8456e-03,-0.1
-1.8448e-03,-0.1
-1.8440e-03,-0.1
-1.8432e-03,-0.1
-1.8424e-03,-0.1
-1.8416e-03,-0.1
-1.8408e-03,-0.1
-1.8400e-03,-0.1
-1.8392e-03,-0.1
-1.8384e-03,-0.1
-1.8376e-03,-0.1
-1.8368e-03,-0.1
-1.8360e-03,-0.1
-1.8352e-03,-0.1
-1.8344e-03,-0.1
-1.8336e-03,-0.1
-1.8328e-03,-0.1
-1.8320e-03,-0.1
-1.8312e-03,-0.1
-1.8304e-03,-0.1
-1.8296e-03,-0.1
-1.8288e-03,-0.1
-1.8280e-03,-0.1
-1.8272e-03,-0.1
-1.8264e-03,-0.1
-1.8256e-03,-0.1
-1.8248e-03,-0.1
-1.8240e-03,-0.1
-1.8232e-03,-0.1
-1.8224e-03,-0.1
-1.8216e-03,-0.1
-1.8208e-03,-0.1
-1.8200e-03,-0.1
-1.8192e-03,-0.1
-1.8184e-03,-0.1
-1.8176e-03,-0.1
-1.8168e-03,-0.1
-1.8160e-03,-0.1
-1.8152e-03,-0.1
-1.8144e-03,0.1
-1.8136e-03,-0.1
-1.8128e-03,-0.1
-1.8120e-03,-0.1
-1.8112e-03,-0.1
-1.8104e-03,-0.1
-1.8096e-03,0.1
-1.8088e-03,0.1
-1.8080e-03,0.1
-1.8072e-03,0.1
-1.8064e-03,0.1
-1.8056e-03,-0.1
-1.8048e-03,0.1
-1.8040e-03,-0.1
-1.8032e-03,0.1
-1.8024e-03,0.1
-1.8016e-03,0.1
-1.8008e-03,0.1
-1.8000e-03,0.1
-1.7992e-03,0.1
-1.7984e-03,-0.1
-1.7976e-03,0.1
-1.7968e-03,0.1
-1.7960e-03,0.1
-1.7952e-03,0.1
-1.7944e-03,0.1
-1.7936e-03,0.1
-1.7928e-03,0.1
-1.7920e-03,0.1
-1.7912e-03,0.1
-1.7904e-03,0.1
-1.7896e-03,0.1
-1.7888e-03,0.1
-1.7880e-03,0.1
-1.7872e-03,0.1
-1.7864e-03,0.1
-1.7856e-03,0.1
-1.7848e-03,0.1
-1.7840e-03,0.1
-1.7832e-03,0.1
-1.7824e-03,0.1
-1.7816e-03,0.1
-1.7808e-03,0.1
-1.7800e-03,0.1
-1.7792e-03,0.1
-1.7784e-03,0.1
-1.7776e-03,0.1
-1.7768e-03,0.1
-1.7760e-03,0.1
-1.7752e-03,0.1
-1.7744e-03,0.1
-1.7736e-03,0.1
-1.7728e-03,0.1
-1.7720e-03,0.1
-1.7712e-03,0.1
-1.7704e-03,0.1
-1.7696e-03,0.1
-1.7688e-03,0.1
-1.7680e-03,0.1
-1.7672e-03,0.1
-1.7664e-03,0.1
-1.7656e-03,0.1
-1.7648e-03,0.1
-1.7640e-03,0.1
-1.7632e-03,0.3
-1.7624e-03,0.1
-1.7616e-03,0.1
-1.7608e-03,0.1
-1.7600e-03,0.1
-1.7592e-03,0.1
-1.7584e-03,0.1
-1.7576e-03,0.1
-1.7568e-03,0.1
-1.7560e-03,0.1
-1.7552e-03,0.1
-1.7544e-03,0.1
-1.7536e-03,0.1
-1.7528e-03,0.3
-1.7520e-03,0.1
-1.7512e-03,0.3
-1.7504e-03,0.3
-1.7496e-03,0.1
-1.7488e-03,0.3
-1.7480e-03,0.3
-1.7472e-03,0.3
-1.7464e-03,0.3
-1.7456e-03,0.3
-1.7448e-03,0.3
-1.7440e-03,0.3
-1.7432e-03,0.3
-1.7424e-03,0.3
-1.7416e-03,0.1
-1.7408e-03,0.3
-1.7400e-03,0.3
-1.7392e-03,0.3
-1.7384e-03,0.3
-1.7376e-03,0.3
-1.7368e-03,0.3
-1.7360e-03,0.3
-1.7352e-03,0.3
-1.7344e-03,0.3
-1.7336e-03,0.1
-1.7328e-03,0.3
-1.7320e-03,0.3
-1.7312e-03,0.3
-1.7304e-03,0.3
-1.7296e-03,0.3
-1.7288e-03,0.3
-1.7280e-03,0.3
-1.7272e-03,0.3
-1.7264e-03,0.3
-1.7256e-03,0.3
-1.7248e-03,0.3
-1.7240e-03,0.3
-1.7232e-03,0.3
-1.7224e-03,0.3
-1.7216e-03,0.3
-1.7208e-03,0.3
-1.7200e-03,0.3
-1.7192e-03,0.3
-1.7184e-03,0.3
-1.7176e-03,0.3
-1.7168e-03,0.3
-1.7160e-03,0.3
-1.7152e-03,0.3
-1.7144e-03,0.3
-1.7136e-03,0.3
-1.7128e-03,0.5
-1.7120e-03,0.3
-1.7112e-03,0.5
-1.7104e-03,0.3
-1.7096e-03,0.5
-1.7088e-03,0.5
-1.7080e-03,0.3
-1.7072e-03,0.3
-1.7064e-03,0.5
-1.7056e-03,0.5
-1.7048e-03,0.3
-1.7040e-03,0.5
-1.7032e-03,0.5
-1.7024e-03,0.5
-1.7016e-03,0.5
-1.7008e-03,0.5
-1.7000e-03,0.5
-1.6992e-03,0.5
-1.6984e-03,0.3
-1.6976e-03,0.5
-1.6968e-03,0.5
-1.6960e-03,0.5
-1.6952e-03,0.5
-1.6944e-03,0.5
-1.6936e-03,0.5
-1.6928e-03,0.5
-1.6920e-03,0.5
-1.6912e-03,0.5
-1.6904e-03,0.5
-1.6896e-03,0.5
-1.6888e-03,0.5
-1.6880e-03,0.5
-1.6872e-03,0.5
-1.6864e-03,0.5
-1.6856e-03,0.5
-1.6848e-03,0.5
-1.6840e-03,0.5
-1.6832e-03,0.5
-1.6824e-03,0.5
-1.6816e-03,0.5
-1.6808e-03,0.5
-1.6800e-03,0.5
-1.6792e-03,0.3
-1.6784e-03,0.5
-1.6776e-03,0.5
-1.6768e-03,0.5
-1.6760e-03,0.5
-1.6752e-03,0.5
-1.6744e-03,0.5
-1.6736e-03,0.5
-1.6728e-03,0.5
-1.6720e-03,0.5
-1.6712e-03,0.5
-1.6704e-03,0.5
-1.6696e-03,0.5
-1.6688e-03,0.7
-1.6680e-03,0.5
-1.6672e-03,0.5
-1.6664e-03,0.5
-1.6656e-03,0.5
-1.6648e-03,0.5
-1.6640e-03,0.5
-1.6632e-03,0.7
-1.6624e-03,0.5
-1.6616e-03,0.5
-1.6608e-03,0.5
-1.6600e-03,0.5
-1.6592e-03,0.5
-1.6584e-03,0.5
-1.6576e-03,0.7
-1.6568e-03,0.5
-1.6560e-03,0.7
-1.6552e-03,0.5
-1.6544e-03,0.7
-1.6536e-03,0.7
-1.6528e-03,0.7
-1.6520e-03,0.7
-1.6512e-03,0.7
-1.6504e-03,0.7
-1.6496e-03,0.7
-1.6488e-03,0.7
-1.6480e-03,0.7
-1.6472e-03,0.7
-1.6464e-03,0.7
-1.6456e-03,0.7
-1.6448e-03,0.5
-1.6440e-03,0.7
-1.6432e-03,0.7
-1.6424e-03,0.7
-1.6416e-03,0.7
-1.6408e-03,0.7
-1.6400e-03,0.7
-1.6392e-03,0.7
-1.6384e-03,0.7
-1.6376e-03,0.7
-1.6368e-03,0.7
-1.6360e-03,0.7
-1.6352e-03,0.7
-1.6344e-03,0.5
-1.6336e-03,0.7
-1.6328e-03,0.7
-1.6320e-03,0.7
-1.6312e-03,0.7
-1.6304e-03,0.7
-1.6296e-03,0.7
-1.6288e-03,0.7
-1.6280e-03,0.7
-1.6272e-03,0.7
-1.6264e-03,0.7
-1.6256e-03,0.7
-1.6248e-03,0.7
-1.6240e-03,0.7
-1.6232e-03,0.7
-1.6224e-03,0.7
-1.6216e-03,0.7
-1.6208e-03,0.7
-1.6200e-03,0.7
-1.6192e-03,0.7
-1.6184e-03,0.7
-1.6176e-03,0.7
-1.6168e-03,0.7
-1.6160e-03,0.7
-1.6152e-03,0.7
-1.6144e-03,0.7
-1.6136e-03,0.7
-1.6128e-03,0.7
-1.6120e-03,0.7
-1.6112e-03,0.7
-1.6104e-03,0.7
-1.6096e-03,0.7
-1.6088e-03,0.7
-1.6080e-03,0.7
-1.6072e-03,0.7
-1.6064e-03,0.7
-1.6056e-03,0.9
-1.6048e-03,0.7
-1.6040e-03,0.9
-1.6032e-03,0.7
-1.6024e-03,0.9
-1.6016e-03,0.7
-1.6008e-03,0.9
-1.6000e-03,0.9
-1.5992e-03,0.9
-1.5984e-03,0.9
-1.5976e-03,0.9
-1.5968e-03,0.7
-1.5960e-03,0.9
-1.5952e-03,0.9
-1.5944e-03,0.9
-1.5936e-03,0.9
-1.5928e-03,0.9
-1.5920e-03,0.9
-1.5912e-03,0.9
-1.5904e-03,0.9
-1.5896e-03,0.9
-1.5888e-03,0.9
-1.5880e-03,0.9
-1.5872e-03,0.9
-1.5864e-03,0.9
-1.5856e-03,0.9
-1.5848e-03,0.7
-1.5840e-03,0.9
-1.5832e-03,0.9
-1.5824e-03,0.9
-1.5816e-03,0.9
-1.5808e-03,0.9
-1.5800e-03,0.9
-1.5792e-03,0.9
-1.5784e-03,0.9
-1.5776e-03,0.9
-1.5768e-03,0.9
-1.5760e-03,0.9
-1.5752e-03,0.9
-1.5744e-03,0.9
-1.5736e-03,0.9
-1.5728e-03,0.9
-1.5720e-03,0.9
-1.5712e-03,0.9
-1.5704e-03,0.9
-1.5696e-03,0.9
-1.5688e-03,0.9
-1.5680e-03,0.9
-1.5672e-03,0.9
-1.5664e-03,0.9
-1.5656e-03,0.9
-1.5648e-03,0.9
-1.5640e-03,0.9
-1.5632e-03,0.9
-1.5624e-03,0.9
-1.5616e-03,0.9
-1.5608e-03,0.9
-1.5600e-03,0.9
-1.5592e-03,1.1
-1.5584e-03,0.9
-1.5576e-03,0.9
-1.5568e-03,0.9
-1.5560e-03,0.9
-1.5552e-03,0.9
-1.5544e-03,0.9
-1.5536e-03,0.9
-1.5528e-03,0.9
-1.5520e-03,1.1
-1.5512e-03,0.9
-1.5504e-03,1.1
-1.5496e-03,0.9
-1.5488e-03,1.1
-1.5480e-03,1.1
-1.5472e-03,1.1
-1.5464e-03,1.1
-1.5456e-03,1.1
-1.5448e-03,1.1
-1.5440e-03,1.1
-1.5432e-03,1.1
-1.5424e-03,1.1
-1.5416e-03,1.1
-1.5408e-03,0.9
-1.5400e-03,1.1
-1.5392e-03,1.1
-1.5384e-03,0.9
-1.5376e-03,1.1
-1.5368e-03,1.1
-1.5360e-03,1.1
-1.5352e-03,1.1
-1.5344e-03,1.1
-1.5336e-03,1.1
-1.5328e-03,1.1
-1.5320e-03,1.1
-1.5312e-03,1.1
-1.5304e-03,1.1
-1.5296e-03,1.1
-1.5288e-03,1.1
-1.5280e-03,1.1
-1.5272e-03,1.1
-1.5264e-03,1.1
-1.5256e-03,1.1
-1.5248e-03,1.1
-1.5240e-03,1.1
-1.5232e-03,1.1
-1.5224e-03,1.1
-1.5216e-03,1.1
-1.5208e-03,1.1
-1.5200e-03,1.1
-1.5192e-03,1.1
-1.5184e-03,1.1
-1.5176e-03,1.1
-1.5168e-03,1.1
-1.5160e-03,1.1
-1.5152e-03,1.1
-1.5144e-03,1.1
-1.5136e-03,1.1
-1.5128e-03,1.1
-1.5120e-03,1.1
-1.5112e-03,1.1
-1.5104e-03,1.1
-1.5096e-03,1.1
-1.5088e-03,1.1
-1.5080e-03,1.1
-1.5072e-03,1.1
-1.5064e-03,1.1
-1.5056e-03,1.1
-1.5048e-03,1.1
-1.5040e-03,1.1
-1.5032e-03,1.1
-1.5024e-03,1.3
-1.5016e-03,1.3
-1.5008e-03,1.1
-1.5000e-03,1.1
-1.4992e-03,1.1
-1.4984e-03,1.1
-1.4976e-03,1.3
-1.4968e-03,1.1
-1.4960e-03,1.3
-1.4952e-03,1.3
-1.4944e-03,1.3
-1.4936e-03,1.3
-1.4928e-03,1.1
-1.4920e-03,1.3
-1.4912e-03,1.1
-1.4904e-03,1.3
-1.4896e-03,1.1
-1.4888e-03,1.3
-1.4880e-03,1.3
-1.4872e-03,1.3
-1.4864e-03,1.3
-1.4856e-03,1.3
-1.4848e-03,1.3
-1.4840e-03,1.3
-1.4832e-03,1.3
-1.4824e-03,1.3
-1.4816e-03,1.3
-1.4808e-03,1.3
-1.4800e-03,1.3
-1.4792e-03,1.3
-1.4784e-03,1.3
-1.4776e-03,1.3
-1.4768e-03,1.3
-1.4760e-03,1.3
-1.4752e-03,1.3
-1.4744e-03,1.3
-1.4736e-03,1.3
-1.4728e-03,1.3
-1.4720e-03,1.3
-1.4712e-03,1.3
-1.4704e-03,1.3
-1.4696e-03,1.3
-1.4688e-03,1.3
-1.4680e-03,1.3
-1.4672e-03,1.3
-1.4664e-03,1.3
-1.4656e-03,1.3
-1.4648e-03,1.3
-1.4640e-03,1.3
-1.4632e-03,1.3
-1.4624e-03,1.3
-1.4616e-03,1.3
-1.4608e-03,1.3
-1.4600e-03,1.3
-1.4592e-03,1.3
-1.4584e-03,1.3
-1.4576e-03,1.3
-1.4568e-03,1.3
-1.4560e-03,1.3
-1.4552e-03,1.5
-1.4544e-03,1.5
-1.4536e-03,1.5
-1.4528e-03,1.3
-1.4520e-03,1.3
-1.4512e-03,1.3
-1.4504e-03,1.5
-1.4496e-03,1.5
-1.4488e-03,1.5
-1.4480e-03,1.3
-1.4472e-03,1.3
-1.4464e-03,1.5
-1.4456e-03,1.5
-1.4448e-03,1.5
-1.4440e-03,1.5
-1.4432e-03,1.3
-1.4424e-03,1.5
-1.4416e-03,1.3
-1.4408e-03,1.5
-1.4400e-03,1.5
-1.4392e-03,1.5
-1.4384e-03,1.5
-1.4376e-03,1.5
-1.4368e-03,1.5
-1.4360e-03,1.5
-1.4352e-03,1.5
-1.4344e-03,1.5
-1.4336e-03,1.5
-1.4328e-03,1.5
-1.4320e-03,1.5
-1.4312e-03,1.5
-1.4304e-03,1.5
-1.4296e-03,1.5
-1.4288e-03,1.5
-1.4280e-03,1.5
-1.4272e-03,1.5
-1.4264e-03,1.5
-1.4256e-03,1.5
-1.4248e-03,1.5
-1.4240e-03,1.5
-1.4232e-03,1.5
-1.4224e-03,1.5
-1.4216e-03,1.5
-1.4208e-03,1.5
-1.4200e-03,1.5
-1.4192e-03,1.5
-1.4184e-03,1.5
-1.4176e-03,1.5
-1.4168e-03,1.5
-1.4160e-03,1.5
-1.4152e-03,1.5
-1.4144e-03,1.5
-1.4136e-03,1.5
-1.4128e-03,1.5
-1.4120e-03,1.5
-1.4112e-03,1.5
-1.4104e-03,1.5
-1.4096e-03,1.5
-1.4088e-03,1.5
-1.4080e-03,1.5
-1.4072e-03,1.5
-1.4064e-03,1.5
-1.4056e-03,1.5
-1.4048e-03,1.5
-1.4040e-03,1.5
-1.4032e-03,1.5
-1.4024e-03,1.5
-1.4016e-03,1.5
-1.4008e-03,1.5
-1.4000e-03,1.7
-1.3992e-03,1.7
-1.3984e-03,1.7
-1.3976e-03,1.7
-1.3968e-03,1.5
-1.3960e-03,1.5
-1.3952e-03,1.5
-1.3944e-03,1.7
-1.3936e-03,1.5
-1.3928e-03,1.7
-1.3920e-03,1.7
-1.3912e-03,1.7
-1.3904e-03,1.7
-1.3896e-03,1.7
-1.3888e-03,1.7
-1.3880e-03,1.7
-1.3872e-03,1.7
-1.3864e-03,1.7
-1.3856e-03,1.7
-1.3848e-03,1.7
-1.3840e-03,1.7
-1.3832e-03,1.7
-1.3824e-03,1.7
-1.3816e-03,1.7
-1.3808e-03,1.7
-1.3800e-03,1.7
-1.3792e-03,1.7
-1.3784e-03,1.7
-1.3776e-03,1.7
-1.3768e-03,1.7
-1.3760e-03,1.7
-1.3752e-03,1.7
-1.3744e-03,1.7
-1.3736e-03,1.7
-1.3728e-03,1.7
-1.3720e-03,1.7
-1.3712e-03,1.7
-1.3704e-03,1.7
-1.3696e-03,1.7
-1.3688e-03,1.7
-1.3680e-03,1.7
-1.3672e-03,1.7
-1.3664e-03,1.7
-1.3656e-03,1.7
-1.3648e-03,1.7
-1.3640e-03,1.7
-1.3632e-03,1.7
-1.3624e-03,1.7
-1.3616e-03,1.7
-1.3608e-03,1.7
-1.3600e-03,1.7
-1.3592e-03,1.7
-1.3584e-03,1.7
-1.3576e-03,1.7
-1.3568e-03,1.7
-1.3560e-03,1.9
-1.3552e-03,1.7
-1.3544e-03,1.7
-1.3536e-03,1.7
-1.3528e-03,1.7
-1.3520e-03,1.7
-1.3512e-03,1.7
-1.3504e-03,1.7
-1.3496e-03,1.7
-1.3488e-03,1.7
-1.3480e-03,1.9
-1.3472e-03,1.7
-1.3464e-03,1.7
-1.3456e-03,1.9
-1.3448e-03,1.9
-1.3440e-03,1.7
-1.3432e-03,1.9
-1.3424e-03,1.9
-1.3416e-03,1.7
-1.3408e-03,1.9
-1.3400e-03,1.7
-1.3392e-03,1.9
-1.3384e-03,1.7
-1.3376e-03,1.7
-1.3368e-03,1.9
-1.3360e-03,1.9
-1.3352e-03,1.9
-1.3344e-03,1.9
-1.3336e-03,1.9
-1.3328e-03,1.9
-1.3320e-03,1.9
-1.3312e-03,1.7
-1.3304e-03,1.7
-1.3296e-03,1.7
-1.3288e-03,1.9
-1.3280e-03,1.7
-1.3272e-03,1.9
-1.3264e-03,1.9
-1.3256e-03,1.9
-1.3248e-03,1.9
-1.3240e-03,1.7
-1.3232e-03,1.9
-1.3224e-03,1.9
-1.3216e-03,1.7
-1.3208e-03,1.9
-1.3200e-03,1.9
-1.3192e-03,1.9
-1.3184e-03,1.9
-1.3176e-03,1.9
-1.3168e-03,1.9
-1.3160e-03,1.9
-1.3152e-03,1.9
-1.3144e-03,1.9
-1.3136e-03,1.9
-1.3128e-03,1.9
-1.3120e-03,1.9
-1.3112e-03,1.7
-1.3104e-03,1.9
-1.3096e-03,1.9
-1.3088e-03,1.9
-1.3080e-03,1.9
-1.3072e-03,1.9
-1.3064e-03,1.9
-1.3056e-03,1.9
-1.3048e-03,1.9
-1.3040e-03,1.9
-1.3032e-03,1.9
-1.3024e-03,1.9
-1.3016e-03,1.9
-1.3008e-03,1.9
-1.3000e-03,1.9
-1.2992e-03,1.9
-1.2984e-03,1.9
-1.2976e-03,1.9
-1.2968e-03,1.9
-1.2960e-03,1.9
-1.2952e-03,1.9
-1.2944e-03,1.9
-1.2936e-03,1.9
-1.2928e-03,1.9
-1.2920e-03,1.9
-1.2912e-03,1.9
-1.2904e-03,1.9
-1.2896e-03,1.9
-1.2888e-03,1.9
-1.2880e-03,1.9
-1.2872e-03,2.1
-1.2864e-03,1.9
-1.2856e-03,1.9
-1.2848e-03,1.9
-1.2840e-03,1.9
-1.2832e-03,1.9
-1.2824e-03,1.9
-1.2816e-03,1.9
-1.2808e-03,2.1
-1.2800e-03,2.1
-1.2792e-03,2.1
-1.2784e-03,1.9
-1.2776e-03,2.1
-1.2768e-03,1.9
-1.2760e-03,1.9
-1.2752e-03,2.1
-1.2744e-03,1.9
-1.2736e-03,2.1
-1.2728e-03,1.9
-1.2720e-03,2.1
-1.2712e-03,2.1
-1.2704e-03,1.9
-1.2696e-03,1.9
-1.2688e-03,2.1
-1.2680e-03,2.1
-1.2672e-03,2.1
-1.2664e-03,2.1
-1.2656e-03,2.1
-1.2648e-03,2.1
-1.2640e-03,1.9
-1.2632e-03,2.1
-1.2624e-03,2.1
-1.2616e-03,2.1
-1.2608e-03,2.1
-1.2600e-03,2.1
-1.2592e-03,2.1
-1.2584e-03,2.1
-1.2576e-03,2.1
-1.2568e-03,2.1
-1.2560e-03,2.1
-1.2552e-03,2.1
-1.2544e-03,2.1
-1.2536e-03,2.1
-1.2528e-03,2.1
-1.2520e-03,1.9
-1.2512e-03,2.1
-1.2504e-03,2.1
-1.2496e-03,2.1
-1.2488e-03,2.1
-1.2480e-03,2.1
-1.2472e-03,2.1
-1.2464e-03,2.1
-1.2456e-03,2.1
-1.2448e-03,2.1
-1.2440e-03,2.1
-1.2432e-03,2.1
-1.2424e-03,2.1
-1.2416e-03,2.1
-1.2408e-03,2.1
-1.2400e-03,2.1
-1.2392e-03,2.1
-1.2384e-03,2.1
-1.2376e-03,2.1
-1.2368e-03,2.1
-1.2360e-03,2.1
-1.2352e-03,2.1
-1.2344e-03,2.1
-1.2336e-03,2.1
-1.2328e-03,2.1
-1.2320e-03,2.1
-1.2312e-03,2.1
-1.2304e-03,2.1
-1.2296e-03,2.1
-1.2288e-03,2.1
-1.2280e-03,2.1
-1.2272e-03,2.1
-1.2264e-03,2.1
-1.2256e-03,2.1
-1.2248e-03,2.1
-1.2240e-03,2.1
-1.2232e-03,2.1
-1.2224e-03,2.1
-1.2216e-03,2.1
-1.2208e-03,2.1
-1.2200e-03,2.1
-1.2192e-03,2.1
-1.2184e-03,2.1
-1.2176e-03,2.1
-1.2168e-03,2.1
-1.2160e-03,2.1
-1.2152e-03,2.1
-1.2144e-03,2.1
-1.2136e-03,2.1
-1.2128e-03,2.1
-1.2120e-03,2.1
-1.2112e-03,2.1
-1.2104e-03,2.1
-1.2096e-03,2.3
-1.2088e-03,2.1
-1.2080e-03,2.1
-1.2072e-03,2.1
-1.2064e-03,2.3
-1.2056e-03,2.1
-1.2048e-03,2.3
-1.2040e-03,2.1
-1.2032e-03,2.1
-1.2024e-03,2.1
-1.2016e-03,2.1
-1.2008e-03,2.3
-1.2000e-03,2.1
-1.1992e-03,2.1
-1.1984e-03,2.3
-1.1976e-03,2.1
-1.1968e-03,2.3
-1.1960e-03,2.1
-1.1952e-03,2.1
-1.1944e-03,2.3
-1.1936e-03,2.1
-1.1928e-03,2.1
-1.1920e-03,2.3
-1.1912e-03,2.3
-1.1904e-03,2.3
-1.1896e-03,2.3
-1.1888e-03,2.3
-1.1880e-03,2.3
-1.1872e-03,2.1
-1.1864e-03,2.1
-1.1856e-03,2.3
-1.1848e-03,2.3
-1.1840e-03,2.3
-1.1832e-03,2.3
-1.1824e-03,2.3
-1.1816e-03,2.3
-1.1808e-03,2.3
-1.1800e-03,2.3
-1.1792e-03,2.3
-1.1784e-03,2.3
-1.1776e-03,2.3
-1.1768e-03,2.3
-1.1760e-03,2.3
-1.1752e-03,2.3
-1.1744e-03,2.3
-1.1736e-03,2.3
-1.1728e-03,2.3
-1.1720e-03,2.3
-1.1712e-03,2.3
-1.1704e-03,2.3
-1.1696e-03,2.3
-1.1688e-03,2.3
-1.1680e-03,2.3
-1.1672e-03,2.3
-1.1664e-03,2.3
-1.1656e-03,2.3
-1.1648e-03,2.3
-1.1640e-03,2.3
-1.1632e-03,2.3
-1.1624e-03,2.3
-1.1616e-03,2.3
-1.1608e-03,2.3
-1.1600e-03,2.3
-1.1592e-03,2.3
-1.1584e-03,2.3
-1.1576e-03,2.3
-1.1568e-03,2.3
-1.1560e-03,2.3
-1.1552e-03,2.3
-1.1544e-03,2.3
-1.1536e-03,2.3
-1.1528e-03,2.3
-1.1520e-03,2.3
-1.1512e-03,2.3
-1.1504e-03,2.3
-1.1496e-03,2.3
-1.1488e-03,2.3
-1.1480e-03,2.3
-1.1472e-03,2.3
-1.1464e-03,2.3
-1.1456e-03,2.3
-1.1448e-03,2.3
-1.1440e-03,2.3
-1.1432e-03,2.3
-1.1424e-03,2.3
-1.1416e-03,2.3
-1.1408e-03,2.3
-1.1400e-03,2.3
-1.1392e-03,2.3
-1.1384e-03,2.3
-1.1376e-03,2.3
-1.1368e-03,2.3
-1.1360e-03,2.3
-1.1352e-03,2.3
-1.1344e-03,2.3
-1.1336e-03,2.3
-1.1328e-03,2.3
-1.1320e-03,2.3
-1.1312e-03,2.5
-1.1304e-03,2.3
-1.1296e-03,2.3
-1.1288e-03,2.3
-1.1280e-03,2.3
-1.1272e-03,2.5
-1.1264e-03,2.3
-1.1256e-03,2.3
-1.1248e-03,2.3
-1.1240e-03,2.3
-1.1232e-03,2.5
-1.1224e-03,2.5
-1.1216e-03,2.3
-1.1208e-03,2.3
-1.1200e-03,2.3
-1.1192e-03,2.3
-1.1184e-03,2.3
-1.1176e-03,2.3
-1.1168e-03,2.3
-1.1160e-03,2.5
-1.1152e-03,2.5
-1.1144e-03,2.5
-1.1136e-03,2.5
-1.1128e-03,2.3
-1.1120e-03,2.3
-1.1112e-03,2.3
-1.1104e-03,2.5
-1.1096e-03,2.5
-1.1088e-03,2.5
-1.1080e-03,2.5
-1.1072e-03,2.3
-1.1064e-03,2.5
-1.1056e-03,2.5
-1.1048e-03,2.3
-1.1040e-03,2.5
-1.1032e-03,2.5
-1.1024e-03,2.5
-1.1016e-03,2.5
-1.1008e-03,2.5
-1.1000e-03,2.5
-1.0992e-03,2.3
-1.0984e-03,2.5
-1.0976e-03,2.5
-1.0968e-03,2.5
-1.0960e-03,2.3
-1.0952e-03,2.5
-1.0944e-03,2.5
-1.0936e-03,2.5
-1.0928e-03,2.5
-1.0920e-03,2.3
-1.0912e-03,2.5
-1.0904e-03,2.5
-1.0896e-03,2.5
-1.0888e-03,2.5
-1.0880e-03,2.5
-1.0872e-03,2.5
-1.0864e-03,2.5
-1.0856e-03,2.5
-1.0848e-03,2.5
-1.0840e-03,2.5
-1.0832e-03,2.5
-1.0824e-03,2.5
-1.0816e-03,2.5
-1.0808e-03,2.5
-1.0800e-03,2.5
-1.0792e-03,2.5
-1.0784e-03,2.5
-1.0776e-03,2.5
-1.0768e-03,2.5
-1.0760e-03,2.5
-1.0752e-03,2.5
-1.0744e-03,2.5
-1.0736e-03,2.5
-1.0728e-03,2.5
-1.0720e-03,2.5
-1.0712e-03,2.5
-1.0704e-03,2.5
-1.0696e-03,2.5
-1.0688e-03,2.5
-1.0680e-03,2.5
-1.0672e-03,2.5
-1.0664e-03,2.5
-1.0656e-03,2.5
-1.0648e-03,2.5
-1.0640e-03,2.5
-1.0632e-03,2.5
-1.0624e-03,2.5
-1.0616e-03,2.5
-1.0608e-03,2.5
-1.0600e-03,2.5
-1.0592e-03,2.5
-1.0584e-03,2.5
-1.0576e-03,2.5
-1.0568e-03,2.5
-1.0560e-03,2.5
-1.0552e-03,2.5
-1.0544e-03,2.5
-1.0536e-03,2.5
-1.0528e-03,2.5
-1.0520e-03,2.5
-1.0512e-03,2.5
-1.0504e-03,2.5
-1.0496e-03,2.5
-1.0488e-03,2.5
-1.0480e-03,2.5
-1.0472e-03,2.5
-1.0464e-03,2.5
-1.0456e-03,2.5
-1.0448e-03,2.5
-1.0440e-03,2.5
-1.0432e-03,2.5
-1.0424e-03,2.5
-1.0416e-03,2.5
-1.0408e-03,2.5
-1.0400e-03,2.5
-1.0392e-03,2.5
-1.0384e-03,2.5
-1.0376e-03,2.5
-1.0368e-03,2.5
-1.0360e-03,2.5
-1.0352e-03,2.5
-1.0344e-03,2.5
-1.0336e-03,2.5
-1.0328e-03,2.5
-1.0320e-03,2.5
-1.0312e-03,2.5
-1.0304e-03,2.5
-1.0296e-03,2.5
-1.0288e-03,2.5
-1.0280e-03,2.5
-1.0272e-03,2.5
-1.0264e-03,2.5
-1.0256e-03,2.5
-1.0248e-03,2.5
-1.0240e-03,2.5
-1.0232e-03,2.5
-1.0224e-03,2.5
-1.0216e-03,2.5
-1.0208e-03,2.5
-1.0200e-03,2.5
-1.0192e-03,2.5
-1.0184e-03,2.5
-1.0176e-03,2.7
-1.0168e-03,2.5
-1.0160e-03,2.7
-1.0152e-03,2.5
-1.0144e-03,2.7
-1.0136e-03,2.5
-1.0128e-03,2.7
-1.0120e-03,2.5
-1.0112e-03,2.5
-1.0104e-03,2.5
-1.0096e-03,2.7
-1.0088e-03,2.5
-1.0080e-03,2.5
-1.0072e-03,2.5
-1.0064e-03,2.5
-1.0056e-03,2.5
-1.0048e-03,2.7
-1.0040e-03,2.5
-1.0032e-03,2.7
-1.0024e-03,2.5
-1.0016e-03,2.5
-1.0008e-03,2.7
-1.0000e-03,2.5
-9.9920e-04,2.7
-9.9840e-04,2.7
-9.9760e-04,2.5
-9.9680e-04,2.7
-9.9600e-04,2.5
-9.9520e-04,2.7
-9.9440e-04,2.5
-9.9360e-04,2.7
-9.9280e-04,2.5
-9.9200e-04,2.7
-9.9120e-04,2.7
-9.9040e-04,2.5
-9.8960e-04,2.7
-9.8880e-04,2.7
-9.8800e-04,2.7
-9.8720e-04,2.7
-9.8640e-04,2.7
-9.8560e-04,2.5
-9.8480e-04,2.7
-9.8400e-04,2.7
-9.8320e-04,2.7
-9.8240e-04,2.5
-9.8160e-04,2.5
-9.8080e-04,2.7
-9.8000e-04,2.7
-9.7920e-04,2.7
-9.7840e-04,2.7
-9.7760e-04,2.5
-9.7680e-04,2.5
-9.7600e-04,2.5
-9.7520e-04,2.7
-9.7440e-04,2.5
-9.7360e-04,2.7
-9.7280e-04,2.7
-9.7200e-04,2.5
-9.7120e-04,2.7
-9.7040e-04,2.7
-9.6960e-04,2.7
-9.6880e-04,2.7
-9.6800e-04,2.7
-9.6720e-04,2.7
-9.6640e-04,2.7
-9.6560e-04,2.7
-9.6480e-04,2.7
-9.6400e-04,2.7
-9.6320e-04,2.7
-9.6240e-04,2.7
-9.6160e-04,2.7
-9.6080e-04,2.7
-9.6000e-04,2.7
-9.5920e-04,2.7
-9.5840e-04,2.7
-9.5760e-04,2.7
-9.5680e-04,2.7
-9.5600e-04,2.7
-9.5520e-04,2.7
-9.5440e-04,2.7
-9.5360e-04,2.7
-9.5280e-04,2.7
-9.5200e-04,2.7
-9.5120e-04,2.7
-9.5040e-04,2.7
-9.4960e-04,2.7
-9.4880e-04,2.7
-9.4800e-04,2.7
-9.4720e-04,2.7
-9.4640e-04,2.7
-9.4560e-04,2.7
-9.4480e-04,2.7
-9.4400e-04,2.7
-9.4320e-04,2.7
-9.4240e-04,2.7
-9.4160e-04,2.7
-9.4080e-04,2.5
-9.4000e-04,2.7
-9.3920e-04,2.7
-9.3840e-04,2.7
-9.3760e-04,2.7
-9.3680e-04,2.7
-9.3600e-04,2.7
-9.3520e-04,2.7
-9.3440e-04,2.7
-9.3360e-04,2.7
-9.3280e-04,2.7
-9.3200e-04,2.7
-9.3120e-04,2.7
-9.3040e-04,2.7
-9.2960e-04,2.7
-9.2880e-04,2.7
-9.2800e-04,2.7
-9.2720e-04,2.7
-9.2640e-04,2.7
-9.2560e-04,2.7
-9.2480e-04,2.7
-9.2400e-04,2.7
-9.2320e-04,2.7
-9.2240e-04,2.7
-9.2160e-04,2.7
-9.2080e-04,2.7
-9.2000e-04,2.7
-9.1920e-04,2.7
-9.1840e-04,2.7
-9.1760e-04,2.7
-9.1680e-04,2.7
-9.1600e-04,2.7
-9.1520e-04,2.7
-9.1440e-04,2.7
-9.1360e-04,2.7
-9.1280e-04,2.7
-9.1200e-04,2.7
-9.1120e-04,2.7
-9.1040e-04,2.7
-9.0960e-04,2.7
-9.0880e-04,2.7
-9.0800e-04,2.7
-9.0720e-04,2.7
-9.0640e-04,2.7
-9.0560e-04,2.7
-9.0480e-04,2.7
-9.0400e-04,2.7
-9.0320e-04,2.7
-9.0240e-04,2.7
-9.0160e-04,2.7
-9.0080e-04,2.7
-9.0000e-04,2.7
-8.9920e-04,2.7
-8.9840e-04,2.7
-8.9760e-04,2.7
-8.9680e-04,2.7
-8.9600e-04,2.7
-8.9520e-04,2.7
-8.9440e-04,2.7
-8.9360e-04,2.7
-8.9280e-04,2.7
-8.9200e-04,2.7
-8.9120e-04,2.7
-8.9040e-04,2.7
-8.8960e-04,2.7
-8.8880e-04,2.7
-8.8800e-04,2.7
-8.8720e-04,2.7
-8.8640e-04,2.7
-8.8560e-04,2.7
-8.8480e-04,2.7
-8.8400e-04,2.7
-8.8320e-04,2.7
-8.8240e-04,2.7
-8.8160e-04,2.7
-8.8080e-04,2.7
-8.8000e-04,2.7
-8.7920e-04,2.7
-8.7840e-04,2.7
-8.7760e-04,2.7
-8.7680e-04,2.7
-8.7600e-04,2.7
-8.7520e-04,2.7
-8.7440e-04,2.7
-8.7360e-04,2.7
-8.7280e-04,2.7
-8.7200e-04,2.7
-8.7120e-04,2.7
-8.7040e-04,2.7
-8.6960e-04,2.7
-8.6880e-04,2.7
-8.6800e-04,2.7
-8.6720e-04,2.7
-8.6640e-04,2.7
-8.6560e-04,2.7
-8.6480e-04,2.7
-8.6400e-04,2.7
-8.6320e-04,2.7
-8.6240e-04,2.7
-8.6160e-04,2.7
-8.6080e-04,2.7
-8.6000e-04,2.7
-8.5920e-04,2.7
-8.5840e-04,2.9
-8.5760e-04,2.7
-8.5680e-04,2.9
-8.5600e-04,2.7
-8.5520e-04,2.7
-8.5440e-04,2.7
-8.5360e-04,2.7
-8.5280e-04,2.7
-8.5200e-04,2.9
-8.5120e-04,2.7
-8.5040e-04,2.7
-8.4960e-04,2.7
-8.4880e-04,2.7
-8.4800e-04,2.7
-8.4720e-04,2.7
-8.4640e-04,2.7
-8.4560e-04,2.7
-8.4480e-04,2.7
-8.4400e-04,2.9
-8.4320e-04,2.7
-8.4240e-04,2.7
-8.4160e-04,2.9
-8.4080e-04,2.7
-8.4000e-04,2.7
-8.3920e-04,2.7
-8.3840e-04,2.7
-8.3760e-04,2.7
-8.3680e-04,2.7
-8.3600e-04,2.7
-8.3520e-04,2.7
-8.3440e-04,2.7
-8.3360e-04,2.7
-8.3280e-04,2.9
-8.3200e-04,2.7
-8.3120e-04,2.7
-8.3040e-04,2.7
-8.2960e-04,2.7
-8.2880e-04,2.7
-8.2800e-04,2.7
-8.2720e-04,2.7
-8.2640e-04,2.7
-8.2560e-04,2.7
-8.2480e-04,2.7
-8.2400e-04,2.7
-8.2320e-04,2.7
-8.2240e-04,2.7
-8.2160e-04,2.7
-8.2080e-04,2.7
-8.2000e-04,2.7
-8.1920e-04,2.7
-8.1840e-04,2.7
-8.1760e-04,2.7
-8.1680e-04,2.7
-8.1600e-04,2.7
-8.1520e-04,2.7
-8.1440e-04,2.7
-8.1360e-04,2.7
-8.1280e-04,2.7
-8.1200e-04,2.7
-8.1120e-04,2.7
-8.1040e-04,2.7
-8.0960e-04,2.7
-8.0880e-04,2.7
-8.0800e-04,2.7
-8.0720e-04,2.7
-8.0640e-04,2.7
-8.0560e-04,2.7
-8.0480e-04,2.7
-8.0400e-04,2.7
-8.0320e-04,2.7
-8.0240e-04,2.7
-8.0160e-04,2.7
-8.0080e-04,2.7
-8.0000e-04,2.7
-7.9920e-04,2.7
-7.9840e-04,2.7
-7.9760e-04,2.7
-7.9680e-04,2.7
-7.9600e-04,2.7
-7.9520e-04,2.7
-7.9440e-04,2.7
-7.9360e-04,2.7
-7.9280e-04,2.7
-7.9200e-04,2.7
-7.9120e-04,2.7
-7.9040e-04,2.7
-7.8960e-04,2.7
-7.8880e-04,2.7
-7.8800e-04,2.7
-7.8720e-04,2.7
-7.8640e-04,2.7
-7.8560e-04,2.7
-7.8480e-04,2.7
-7.8400e-04,2.7
-7.8320e-04,2.7
-7.8240e-04,2.7
-7.8160e-04,2.7
-7.8080e-04,2.7
-7.8000e-04,2.7
-7.7920e-04,2.7
-7.7840e-04,2.7
-7.7760e-04,2.7
-7.7680e-04,2.7
-7.7600e-04,2.7
-7.7520e-04,2.7
-7.7440e-04,2.7
-7.7360e-04,2.7
-7.7280e-04,2.7
-7.7200e-04,2.7
-7.7120e-04,2.7
-7.7040e-04,2.7
-7.6960e-04,2.7
-7.6880e-04,2.7
-7.6800e-04,2.7
-7.6720e-04,2.7
-7.6640e-04,2.7
-7.6560e-04,2.7
-7.6480e-04,2.7
-7.6400e-04,2.7
-7.6320e-04,2.7
-7.6240e-04,2.7
-7.6160e-04,2.7
-7.6080e-04,2.7
-7.6000e-04,2.7
-7.5920e-04,2.7
-7.5840e-04,2.7
-7.5760e-04,2.7
-7.5680e-04,2.7
-7.5600e-04,2.7
-7.5520e-04,2.7
-7.5440e-04,2.7
-7.5360e-04,2.7
-7.5280e-04,2.7
-7.5200e-04,2.7
-7.5120e-04,2.7
-7.5040e-04,2.7
-7.4960e-04,2.7
-7.4880e-04,2.7
-7.4800e-04,2.7
-7.4720e-04,2.7
-7.4640e-04,2.7
-7.4560e-04,2.7
-7.4480e-04,2.7
-7.4400e-04,2.7
-7.4320e-04,2.7
-7.4240e-04,2.7
-7.4160e-04,2.7
-7.4080e-04,2.7
-7.4000e-04,2.7
-7.3920e-04,2.7
-7.3840e-04,2.7
-7.3760e-04,2.7
-7.3680e-04,2.7
-7.3600e-04,2.7
-7.3520e-04,2.5
-7.3440e-04,2.7
-7.3360e-04,2.7
-7.3280e-04,2.5
-7.3200e-04,2.7
-7.3120e-04,2.7
-7.3040e-04,2.7
-7.2960e-04,2.7
-7.2880e-04,2.7
-7.2800e-04,2.7
-7.2720e-04,2.5
-7.2640e-04,2.7
-7.2560e-04,2.7
-7.2480e-04,2.7
-7.2400e-04,2.7
-7.2320e-04,2.7
-7.2240e-04,2.7
-7.2160e-04,2.7
-7.2080e-04,2.5
-7.2000e-04,2.7
-7.1920e-04,2.5
-7.1840e-04,2.7
-7.1760e-04,2.7
-7.1680e-04,2.5
-7.1600e-04,2.7
-7.1520e-04,2.5
-7.1440e-04,2.7
-7.1360e-04,2.7
-7.1280e-04,2.7
-7.1200e-04,2.7
-7.1120e-04,2.7
-7.1040e-04,2.7
-7.0960e-04,2.7
-7.0880e-04,2.7
-7.0800e-04,2.7
-7.0720e-04,2.7
-7.0640e-04,2.7
-7.0560e-04,2.5
-7.0480e-04,2.7
-7.0400e-04,2.7
-7.0320e-04,2.7
-7.0240e-04,2.7
-7.0160e-04,2.7
-7.0080e-04,2.7
-7.0000e-04,2.7
-6.9920e-04,2.7
-6.9840e-04,2.7
-6.9760e-04,2.7
-6.9680e-04,2.7
-6.9600e-04,2.7
-6.9520e-04,2.7
-6.9440e-04,2.5
-6.9360e-04,2.5
-6.9280e-04,2.7
-6.9200e-04,2.5
-6.9120e-04,2.5
-6.9040e-04,2.5
-6.8960e-04,2.7
-6.8880e-04,2.5
-6.8800e-04,2.5
-6.8720e-04,2.5
-6.8640e-04,2.5
-6.8560e-04,2.7
-6.8480e-04,2.5
-6.8400e-04,2.5
-6.8320e-04,2.5
-6.8240e-04,2.5
-6.8160e-04,2.5
-6.8080e-04,2.5
-6.8000e-04,2.5
-6.7920e-04,2.5
-6.7840e-04,2.5
-6.7760e-04,2.5
-6.7680e-04,2.5
-6.7600e-04,2.5
-6.7520e-04,2.5
-6.7440e-04,2.5
-6.7360e-04,2.5
-6.7280e-04,2.7
-6.7200e-04,2.5
-6.7120e-04,2.5
-6.7040e-04,2.5
-6.6960e-04,2.7
-6.6880e-04,2.5
-6.6800e-04,2.5
-6.6720e-04,2.5
-6.6640e-04,2.5
-6.6560e-04,2.5
-6.6480e-04,2.5
-6.6400e-04,2.5
-6.6320e-04,2.5
-6.6240e-04,2.5
-6.6160e-04,2.5
-6.6080e-04,2.5
-6.6000e-04,2.5
-6.5920e-04,2.5
-6.5840e-04,2.5
-6.5760e-04,2.5
-6.5680e-04,2.5
-6.5600e-04,2.5
-6.5520e-04,2.5
-6.5440e-04,2.5
-6.5360e-04,2.5
-6.5280e-04,2.5
-6.5200e-04,2.5
-6.5120e-04,2.5
-6.5040e-04,2.5
-6.4960e-04,2.5
-6.4880e-04,2.5
-6.4800e-04,2.5
-6.4720e-04,2.5
-6.4640e-04,2.5
-6.4560e-04,2.5
-6.4480e-04,2.5
-6.4400e-04,2.5
-6.4320e-04,2.5
-6.4240e-04,2.5
-6.4160e-04,2.5
-6.4080e-04,2.5
-6.4000e-04,2.5
-6.3920e-04,2.5
-6.3840e-04,2.5
-6.3760e-04,2.5
-6.3680e-04,2.5
-6.3600e-04,2.5
-6.3520e-04,2.5
-6.3440e-04,2.5
-6.3360e-04,2.5
-6.3280e-04,2.5
-6.3200e-04,2.5
-6.3120e-04,2.5
-6.3040e-04,2.5
-6.2960e-04,2.5
-6.2880e-04,2.5
-6.2800e-04,2.5
-6.2720e-04,2.5
-6.2640e-04,2.5
-6.2560e-04,2.5
-6.2480e-04,2.5
-6.2400e-04,2.5
-6.2320e-04,2.5
-6.2240e-04,2.5
-6.2160e-04,2.5
-6.2080e-04,2.5
-6.2000e-04,2.5
-6.1920e-04,2.5
-6.1840e-04,2.5
-6.1760e-04,2.5
-6.1680e-04,2.5
-6.1600e-04,2.5
-6.1520e-04,2.5
-6.1440e-04,2.5
-6.1360e-04,2.5
-6.1280e-04,2.5
-6.1200e-04,2.5
-6.1120e-04,2.5
-6.1040e-04,2.5
-6.0960e-04,2.5
-6.0880e-04,2.5
-6.0800e-04,2.5
-6.0720e-04,2.5
-6.0640e-04,2.5
-6.0560e-04,2.5
-6.0480e-04,2.3
-6.0400e-04,2.5
-6.0320e-04,2.3
-6.0240e-04,2.3
-6.0160e-04,2.5
-6.0080e-04,2.5
-6.0000e-04,2.3
-5.9920e-04,2.5
-5.9840e-04,2.3
-5.9760e-04,2.5
-5.9680e-04,2.5
-5.9600e-04,2.3
-5.9520e-04,2.5
-5.9440e-04,2.3
-5.9360e-04,2.5
-5.9280e-04,2.5
-5.9200e-04,2.5
-5.9120e-04,2.5
-5.9040e-04,2.5
-5.8960e-04,2.3
-5.8880e-04,2.3
-5.8800e-04,2.5
-5.8720e-04,2.3
-5.8640e-04,2.3
-5.8560e-04,2.3
-5.8480e-04,2.3
-5.8400e-04,2.5
-5.8320e-04,2.3
-5.8240e-04,2.3
-5.8160e-04,2.3
-5.8080e-04,2.3
-5.8000e-04,2.3
-5.7920e-04,2.3
-5.7840e-04,2.3
-5.7760e-04,2.3
-5.7680e-04,2.3
-5.7600e-04,2.3
-5.7520e-04,2.5
-5.7440e-04,2.3
-5.7360e-04,2.3
-5.7280e-04,2.3
-5.7200e-04,2.3
-5.7120e-04,2.3
-5.7040e-04,2.3
-5.6960e-04,2.3
-5.6880e-04,2.3
-5.6800e-04,2.3
-5.6720e-04,2.3
-5.6640e-04,2.3
-5.6560e-04,2.3
-5.6480e-04,2.3
-5.6400e-04,2.3
-5.6320e-04,2.3
-5.6240e-04,2.3
-5.6160e-04,2.3
-5.6080e-04,2.3
-5.6000e-04,2.3
-5.5920e-04,2.3
-5.5840e-04,2.3
-5.5760e-04,2.3
-5.5680e-04,2.3
-5.5600e-04,2.3
-5.5520e-04,2.3
-5.5440e-04,2.3
-5.5360e-04,2.3
-5.5280e-04,2.3
-5.5200e-04,2.3
-5.5120e-04,2.3
-5.5040e-04,2.3
-5.4960e-04,2.3
-5.4880e-04,2.3
-5.4800e-04,2.3
-5.4720e-04,2.3
-5.4640e-04,2.3
-5.4560e-04,2.3
-5.4480e-04,2.3
-5.4400e-04,2.3
-5.4320e-04,2.3
-5.4240e-04,2.3
-5.4160e-04,2.3
-5.4080e-04,2.3
-5.4000e-04,2.3
-5.3920e-04,2.3
-5.3840e-04,2.3
-5.3760e-04,2.3
-5.3680e-04,2.3
-5.3600e-04,2.3
-5.3520e-04,2.3
-5.3440e-04,2.3
-5.3360e-04,2.3
-5.3280e-04,2.3
-5.3200e-04,2.3
-5.3120e-04,2.3
-5.3040e-04,2.3
-5.2960e-04,2.1
-5.2880e-04,2.3
-5.2800e-04,2.3
-5.2720e-04,2.3
-5.2640e-04,2.3
-5.2560e-04,2.3
-5.2480e-04,2.3
-5.2400e-04,2.3
-5.2320e-04,2.3
-5.2240e-04,2.3
-5.2160e-04,2.3
-5.2080e-04,2.3
-5.2000e-04,2.3
-5.1920e-04,2.3
-5.1840e-04,2.3
-5.1760e-04,2.1
-5.1680e-04,2.3
-5.1600e-04,2.3
-5.1520e-04,2.3
-5.1440e-04,2.1
-5.1360e-04,2.1
-5.1280e-04,2.3
-5.1200e-04,2.1
-5.1120e-04,2.3
-5.1040e-04,2.3
-5.0960e-04,2.1
-5.0880e-04,2.3
-5.0800e-04,2.1
-5.0720e-04,2.3
-5.0640e-04,2.3
-5.0560e-04,2.3
-5.0480e-04,2.1
-5.0400e-04,2.3
-5.0320e-04,2.1
-5.0240e-04,2.1
-5.0160e-04,2.1
-5.0080e-04,2.3
-5.0000e-04,2.1
-4.9920e-04,2.1
-4.9840e-04,2.1
-4.9760e-04,2.1
-4.9680e-04,2.1
-4.9600e-04,2.1
-4.9520e-04,2.1
-4.9440e-04,2.1
-4.9360e-04,2.1
-4.9280e-04,2.1
-4.9200e-04,2.1
-4.9120e-04,2.1
-4.9040e-04,2.1
-4.8960e-04,2.1
-4.8880e-04,2.1
-4.8800e-04,2.1
-4.8720e-04,2.1
-4.8640e-04,2.1
-4.8560e-04,2.1
-4.8480e-04,2.1
-4.8400e-04,2.1
-4.8320e-04,2.1
-4.8240e-04,2.1
-4.8160e-04,2.1
-4.8080e-04,2.1
-4.8000e-04,2.1
-4.7920e-04,2.1
-4.7840e-04,2.1
-4.7760e-04,2.1
-4.7680e-04,2.1
-4.7600e-04,2.1
-4.7520e-04,2.1
-4.7440e-04,2.1
-4.7360e-04,2.1
-4.7280e-04,2.1
-4.7200e-04,2.1
-4.7120e-04,2.1
-4.7040e-04,2.1
-4.6960e-04,2.1
-4.6880e-04,2.1
-4.6800e-04,2.1
-4.6720e-04,2.1
-4.6640e-04,2.1
-4.6560e-04,2.1
-4.6480e-04,1.9
-4.6400e-04,2.1
-4.6320e-04,2.1
-4.6240e-04,2.1
-4.6160e-04,2.1
-4.6080e-04,1.9
-4.6000e-04,2.1
-4.5920e-04,2.1
-4.5840e-04,2.1
-4.5760e-04,2.1
-4.5680e-04,2.1
-4.5600e-04,2.1
-4.5520e-04,2.1
-4.5440e-04,2.1
-4.5360e-04,2.1
-4.5280e-04,2.1
-4.5200e-04,2.1
-4.5120e-04,2.1
-4.5040e-04,2.1
-4.4960e-04,1.9
-4.4880e-04,2.1
-4.4800e-04,2.1
-4.4720e-04,2.1
-4.4640e-04,1.9
-4.4560e-04,2.1
-4.4480e-04,2.1
-4.4400e-04,1.9
-4.4320e-04,1.9
-4.4240e-04,1.9
-4.4160e-04,2.1
-4.4080e-04,2.1
-4.4000e-04,2.1
-4.3920e-04,1.9
-4.3840e-04,2.1
-4.3760e-04,1.9
-4.3680e-04,2.1
-4.3600e-04,1.9
-4.3520e-04,1.9
-4.3440e-04,1.9
-4.3360e-04,1.9
-4.3280e-04,1.9
-4.3200e-04,1.9
-4.3120e-04,2.1
-4.3040e-04,2.1
-4.2960e-04,2.1
-4.2880e-04,1.9
-4.2800e-04,1.9
-4.2720e-04,1.9
-4.2640e-04,1.9
-4.2560e-04,1.9
-4.2480e-04,1.9
-4.2400e-04,1.9
-4.2320e-04,1.9
-4.2240e-04,1.9
-4.2160e-04,1.9
-4.2080e-04,1.9
-4.2000e-04,1.9
-4.1920e-04,1.9
-4.1840e-04,1.9
-4.1760e-04,1.9
-4.1680e-04,1.9
-4.1600e-04,1.9
-4.1520e-04,1.9
-4.1440e-04,1.9
-4.1360e-04,1.9
-4.1280e-04,1.9
-4.1200e-04,1.9
-4.1120e-04,1.9
-4.1040e-04,1.9
-4.0960e-04,1.9
-4.0880e-04,1.9
-4.0800e-04,1.9
-4.0720e-04,1.9
-4.0640e-04,1.9
-4.0560e-04,1.9
-4.0480e-04,1.9
-4.0400e-04,1.9
-4.0320e-04,1.9
-4.0240e-04,1.9
-4.0160e-04,1.9
-4.0080e-04,1.9
-4.0000e-04,1.9
-3.9920e-04,1.9
-3.9840e-04,1.9
-3.9760e-04,1.9
-3.9680e-04,1.9
-3.9600e-04,1.9
-3.9520e-04,1.9
-3.9440e-04,1.9
-3.9360e-04,1.9
-3.9280e-04,1.9
-3.9200e-04,1.9
-3.9120e-04,1.9
-3.9040e-04,1.9
-3.8960e-04,1.9
-3.8880e-04,1.9
-3.8800e-04,1.7
-3.8720e-04,1.9
-3.8640e-04,1.9
-3.8560e-04,1.9
-3.8480e-04,1.9
-3.8400e-04,1.9
-3.8320e-04,1.7
-3.8240e-04,1.7
-3.8160e-04,1.7
-3.8080e-04,1.7
-3.8000e-04,1.9
-3.7920e-04,1.9
-3.7840e-04,1.7
-3.7760e-04,1.9
-3.7680e-04,1.9
-3.7600e-04,1.7
-3.7520e-04,1.7
-3.7440e-04,1.7
-3.7360e-04,1.7
-3.7280e-04,1.9
-3.7200e-04,1.7
-3.7120e-04,1.9
-3.7040e-04,1.7
-3.6960e-04,1.7
-3.6880e-04,1.7
-3.6800e-04,1.7
-3.6720e-04,1.7
-3.6640e-04,1.7
-3.6560e-04,1.7
-3.6480e-04,1.7
-3.6400e-04,1.7
-3.6320e-04,1.7
-3.6240e-04,1.7
-3.6160e-04,1.7
-3.6080e-04,1.7
-3.6000e-04,1.7
-3.5920e-04,1.7
-3.5840e-04,1.7
-3.5760e-04,1.7
-3.5680e-04,1.7
-3.5600e-04,1.7
-3.5520e-04,1.7
-3.5440e-04,1.7
-3.5360e-04,1.7
-3.5280e-04,1.7
-3.5200e-04,1.7
-3.5120e-04,1.7
-3.5040e-04,1.7
-3.4960e-04,1.7
-3.4880e-04,1.7
-3.4800e-04,1.7
-3.4720e-04,1.7
-3.4640e-04,1.7
-3.4560e-04,1.7
-3.4480e-04,1.7
-3.4400e-04,1.7
-3.4320e-04,1.7
-3.4240e-04,1.7
-3.4160e-04,1.5
-3.4080e-04,1.7
-3.4000e-04,1.7
-3.3920e-04,1.7
-3.3840e-04,1.7
-3.3760e-04,1.7
-3.3680e-04,1.7
-3.3600e-04,1.7
-3.3520e-04,1.7
-3.3440e-04,1.7
-3.3360e-04,1.7
-3.3280e-04,1.7
-3.3200e-04,1.7
-3.3120e-04,1.5
-3.3040e-04,1.7
-3.2960e-04,1.7
-3.2880e-04,1.7
-3.2800e-04,1.7
-3.2720e-04,1.7
-3.2640e-04,1.7
-3.2560e-04,1.7
-3.2480e-04,1.7
-3.2400e-04,1.7
-3.2320e-04,1.7
-3.2240e-04,1.5
-3.2160e-04,1.7
-3.2080e-04,1.7
-3.2000e-04,1.7
-3.1920e-04,1.5
-3.1840e-04,1.5
-3.1760e-04,1.7
-3.1680e-04,1.7
-3.1600e-04,1.5
-3.1520e-04,1.5
-3.1440e-04,1.7
-3.1360e-04,1.5
-3.1280e-04,1.7
-3.1200e-04,1.5
-3.1120e-04,1.5
-3.1040e-04,1.5
-3.0960e-04,1.7
-3.0880e-04,1.5
-3.0800e-04,1.5
-3.0720e-04,1.5
-3.0640e-04,1.5
-3.0560e-04,1.5
-3.0480e-04,1.5
-3.0400e-04,1.5
-3.0320e-04,1.5
-3.0240e-04,1.5
-3.0160e-04,1.5
-3.0080e-04,1.5
-3.0000e-04,1.5
-2.9920e-04,1.5
-2.9840e-04,1.5
-2.9760e-04,1.5
-2.9680e-04,1.5
-2.9600e-04,1.5
-2.9520e-04,1.5
-2.9440e-04,1.5
-2.9360e-04,1.5
-2.9280e-04,1.5
-2.9200e-04,1.5
-2.9120e-04,1.5
-2.9040e-04,1.5
-2.8960e-04,1.5
-2.8880e-04,1.5
-2.8800e-04,1.5
-2.8720e-04,1.5
-2.8640e-04,1.5
-2.8560e-04,1.5
-2.8480e-04,1.5
-2.8400e-04,1.5
-2.8320e-04,1.5
-2.8240e-04,1.5
-2.8160e-04,1.5
-2.8080e-04,1.5
-2.8000e-04,1.5
-2.7920e-04,1.5
-2.7840e-04,1.5
-2.7760e-04,1.5
-2.7680e-04,1.5
-2.7600e-04,1.5
-2.7520e-04,1.5
-2.7440e-04,1.5
-2.7360e-04,1.5
-2.7280e-04,1.5
-2.7200e-04,1.5
-2.7120e-04,1.5
-2.7040e-04,1.5
-2.6960e-04,1.5
-2.6880e-04,1.5
-2.6800e-04,1.5
-2.6720e-04,1.5
-2.6640e-04,1.5
-2.6560e-04,1.5
-2.6480e-04,1.3
-2.6400e-04,1.3
-2.6320e-04,1.5
-2.6240e-04,1.3
-2.6160e-04,1.5
-2.6080e-04,1.3
-2.6000e-04,1.3
-2.5920e-04,1.3
-2.5840e-04,1.3
-2.5760e-04,1.3
-2.5680e-04,1.3
-2.5600e-04,1.3
-2.5520e-04,1.3
-2.5440e-04,1.3
-2.5360e-04,1.3
-2.5280e-04,1.3
-2.5200e-04,1.3
-2.5120e-04,1.3
-2.5040e-04,1.3
-2.4960e-04,1.3
-2.4880e-04,1.3
-2.4800e-04,1.3
-2.4720e-04,1.3
-2.4640e-04,1.3
-2.4560e-04,1.3
-2.4480e-04,1.3
-2.4400e-04,1.3
-2.4320e-04,1.3
-2.4240e-04,1.3
-2.4160e-04,1.3
-2.4080e-04,1.3
-2.4000e-04,1.3
-2.3920e-04,1.3
-2.3840e-04,1.3
-2.3760e-04,1.3
-2.3680e-04,1.3
-2.3600e-04,1.3
-2.3520e-04,1.3
-2.3440e-04,1.3
-2.3360e-04,1.3
-2.3280e-04,1.3
-2.3200e-04,1.3
-2.3120e-04,1.3
-2.3040e-04,1.3
-2.2960e-04,1.3
-2.2880e-04,1.3
-2.2800e-04,1.3
-2.2720e-04,1.3
-2.2640e-04,1.1
-2.2560e-04,1.3
-2.2480e-04,1.3
-2.2400e-04,1.1
-2.2320e-04,1.3
-2.2240e-04,1.3
-2.2160e-04,1.3
-2.2080e-04,1.3
-2.2000e-04,1.1
-2.1920e-04,1.1
-2.1840e-04,1.1
-2.1760e-04,1.3
-2.1680e-04,1.3
-2.1600e-04,1.1
-2.1520e-04,1.3
-2.1440e-04,1.1
-2.1360e-04,1.1
-2.1280e-04,1.1
-2.1200e-04,1.1
-2.1120e-04,1.1
-2.1040e-04,1.1
-2.0960e-04,1.3
-2.0880e-04,1.1
-2.0800e-04,1.1
-2.0720e-04,1.1
-2.0640e-04,1.1
-2.0560e-04,1.1
-2.0480e-04,1.1
-2.0400e-04,1.1
-2.0320e-04,1.1
-2.0240e-04,1.1
-2.0160e-04,1.1
-2.0080e-04,1.1
-2.0000e-04,1.1
-1.9920e-04,1.1
-1.9840e-04,1.1
-1.9760e-04,1.1
-1.9680e-04,1.1
-1.9600e-04,1.1
-1.9520e-04,1.1
-1.9440e-04,1.1
-1.9360e-04,1.1
-1.9280e-04,1.1
-1.9200e-04,1.1
-1.9120e-04,1.1
-1.9040e-04,1.1
-1.8960e-04,1.1
-1.8880e-04,1.1
-1.8800e-04,1.1
-1.8720e-04,1.1
-1.8640e-04,1.1
-1.8560e-04,1.1
-1.8480e-04,1.1
-1.8400e-04,1.1
-1.8320e-04,1.1
-1.8240e-04,1.1
-1.8160e-04,1.1
-1.8080e-04,1.1
-1.8000e-04,1.1
-1.7920e-04,1.1
-1.7840e-04,1.1
-1.7760e-04,1.1
-1.7680e-04,1.1
-1.7600e-04,1.1
-1.7520e-04,1.1
-1.7440e-04,1.1
-1.7360e-04,1.1
-1.7280e-04,1.1
-1.7200e-04,1.1
-1.7120e-04,1.1
-1.7040e-04,1.1
-1.6960e-04,1.1
-1.6880e-04,1.1
-1.6800e-04,1.1
-1.6720e-04,1.1
-1.6640e-04,1.1
-1.6560e-04,1.1
-1.6480e-04,1.1
-1.6400e-04,1.1
-1.6320e-04,1.1
-1.6240e-04,1.1
-1.6160e-04,1.1
-1.6080e-04,0.9
-1.6000e-04,1.1
-1.5920e-04,1.1
-1.5840e-04,0.9
-1.5760e-04,1.1
-1.5680e-04,0.9
-1.5600e-04,1.1
-1.5520e-04,1.1
-1.5440e-04,0.9
-1.5360e-04,1.1
-1.5280e-04,0.9
-1.5200e-04,0.9
-1.5120e-04,1.1
-1.5040e-04,1.1
-1.4960e-04,0.9
-1.4880e-04,0.9
-1.4800e-04,0.9
-1.4720e-04,0.9
-1.4640e-04,1.1
-1.4560e-04,0.9
-1.4480e-04,0.9
-1.4400e-04,0.9
-1.4320e-04,0.9
-1.4240e-04,0.9
-1.4160e-04,0.9
-1.4080e-04,0.9
-1.4000e-04,0.9
-1.3920e-04,0.9
-1.3840e-04,0.9
-1.3760e-04,0.9
-1.3680e-04,0.9
-1.3600e-04,0.9
-1.3520e-04,0.9
-1.3440e-04,0.9
-1.3360e-04,0.9
-1.3280e-04,0.9
-1.3200e-04,0.9
-1.3120e-04,0.9
-1.3040e-04,0.9
-1.2960e-04,0.9
-1.2880e-04,0.9
-1.2800e-04,0.9
-1.2720e-04,0.9
-1.2640e-04,0.9
-1.2560e-04,0.9
-1.2480e-04,0.9
-1.2400e-04,0.9
-1.2320e-04,0.9
-1.2240e-04,0.9
-1.2160e-04,0.9
-1.2080e-04,0.9
-1.2000e-04,0.9
-1.1920e-04,0.9
-1.1840e-04,0.9
-1.1760e-04,0.9
-1.1680e-04,0.9
-1.1600e-04,0.9
-1.1520e-04,0.9
-1.1440e-04,0.7
-1.1360e-04,0.9
-1.1280e-04,0.7
-1.1200e-04,0.9
-1.1120e-04,0.7
-1.1040e-04,0.7
-1.0960e-04,0.7
-1.0880e-04,0.9
-1.0800e-04,0.7
-1.0720e-04,0.9
-1.0640e-04,0.9
-1.0560e-04,0.9
-1.0480e-04,0.9
-1.0400e-04,0.7
-1.0320e-04,0.7
-1.0240e-04,0.7
-1.0160e-04,0.7
-1.0080e-04,0.7
-1.0000e-04,0.7
-9.9200e-05,0.7
-9.8400e-05,0.7
-9.7600e-05,0.7
-9.6800e-05,0.7
-9.6000e-05,0.7
-9.5200e-05,0.7
-9.4400e-05,0.7
-9.3600e-05,0.7
-9.2800e-05,0.7
-9.2000e-05,0.7
-9.1200e-05,0.7
-9.0400e-05,0.7
-8.9600e-05,0.7
-8.8800e-05,0.7
-8.8000e-05,0.7
-8.7200e-05,0.7
-8.6400e-05,0.7
-8.5600e-05,0.7
-8.4800e-05,0.7
-8.4000e-05,0.7
-8.3200e-05,0.7
-8.2400e-05,0.7
-8.1600e-05,0.7
-8.0800e-05,0.7
-8.0000e-05,0.7
-7.9200e-05,0.7
-7.8400e-05,0.7
-7.7600e-05,0.7
-7.6800e-05,0.7
-7.6000e-05,0.7
-7.5200e-05,0.7
-7.4400e-05,0.7
-7.3600e-05,0.7
-7.2800e-05,0.7
-7.2000e-05,0.7
-7.1200e-05,0.7
-7.0400e-05,0.7
-6.9600e-05,0.7
-6.8800e-05,0.7
-6.8000e-05,0.7
-6.7200e-05,0.7
-6.6400e-05,0.7
-6.5600e-05,0.7
-6.4800e-05,0.7
-6.4000e-05,0.7
-6.3200e-05,0.7
-6.2400e-05,0.7
-6.1600e-05,0.7
-6.0800e-05,0.7
-6.0000e-05,0.7
-5.9200e-05,0.7
-5.8400e-05,0.5
-5.7600e-05,0.7
-5.6800e-05,0.7
-5.6000e-05,0.7
-5.5200e-05,0.7
-5.4400e-05,0.7
-5.3600e-05,0.7
-5.2800e-05,0.5
-5.2000e-05,0.5
-5.1200e-05,0.5
-5.0400e-05,0.5
-4.9600e-05,0.5
-4.8800e-05,0.5
-4.8000e-05,0.5
-4.7200e-05,0.7
-4.6400e-05,0.5
-4.5600e-05,0.5
-4.4800e-05,0.5
-4.4000e-05,0.5
-4.3200e-05,0.7
-4.2400e-05,0.5
-4.1600e-05,0.5
-4.0800e-05,0.5
-4.0000e-05,0.5
-3.9200e-05,0.5
-3.8400e-05,0.7
-3.7600e-05,0.5
-3.6800e-05,0.5
-3.6000e-05,0.5
-3.5200e-05,0.5
-3.4400e-05,0.5
-3.3600e-05,0.5
-3.2800e-05,0.5
-3.2000e-05,0.5
-3.1200e-05,0.5
-3.0400e-05,0.5
-2.9600e-05,0.5
-2.8800e-05,0.5
-2.8000e-05,0.5
-2.7200e-05,0.5
-2.6400e-05,0.5
-2.5600e-05,0.5
-2.4800e-05,0.5
-2.4000e-05,0.5
-2.3200e-05,0.5
-2.2400e-05,0.5
-2.1600e-05,0.5
-2.0800e-05,0.5
-2.0000e-05,0.5
-1.9200e-05,0.5
-1.8400e-05,0.5
-1.7600e-05,0.5
-1.6800e-05,0.5
-1.6000e-05,0.5
-1.5200e-05,0.5
-1.4400e-05,0.5
-1.3600e-05,0.5
-1.2800e-05,0.5
-1.2000e-05,0.5
-1.1200e-05,0.3
-1.0400e-05,0.3
-9.6000e-06,0.5
-8.8000e-06,0.5
-8.0000e-06,0.5
-7.2000e-06,0.5
-6.4000e-06,0.5
-5.6000e-06,0.3
-4.8000e-06,0.5
-4.0000e-06,0.5
-3.2000e-06,0.5
-2.4000e-06,0.5
-1.6000e-06,0.5
-8.0000e-07,0.5
-1.8286e-15,0.5
8.0000e-07,0.5
1.6000e-06,0.3
2.4000e-06,0.3
3.2000e-06,0.3
4.0000e-06,0.3
4.8000e-06,0.3
5.6000e-06,0.3
6.4000e-06,0.3
7.2000e-06,0.3
8.0000e-06,0.3
8.8000e-06,0.3
9.6000e-06,0.3
1.0400e-05,0.3
1.1200e-05,0.3
1.2000e-05,0.3
1.2800e-05,0.3
1.3600e-05,0.5
1.4400e-05,0.3
1.5200e-05,0.3
1.6000e-05,0.3
1.6800e-05,0.3
1.7600e-05,0.3
1.8400e-05,0.3
1.9200e-05,0.3
2.0000e-05,0.3
2.0800e-05,0.3
2.1600e-05,0.3
2.2400e-05,0.3
2.3200e-05,0.3
2.4000e-05,0.3
2.4800e-05,0.3
2.5600e-05,0.3
2.6400e-05,0.3
2.7200e-05,0.3
2.8000e-05,0.3
2.8800e-05,0.3
2.9600e-05,0.3
3.0400e-05,0.3
3.1200e-05,0.3
3.2000e-05,0.3
3.2800e-05,0.3
3.3600e-05,0.3
3.4400e-05,0.3
3.5200e-05,0.3
3.6000e-05,0.3
3.6800e-05,0.3
3.7600e-05,0.3
3.8400e-05,0.3
3.9200e-05,0.3
4.0000e-05,0.3
4.0800e-05,0.3
4.1600e-05,0.1
4.2400e-05,0.3
4.3200e-05,0.3
4.4000e-05,0.3
4.4800e-05,0.1
4.5600e-05,0.3
4.6400e-05,0.3
4.7200e-05,0.1
4.8000e-05,0.3
4.8800e-05,0.3
4.9600e-05,0.1
5.0400e-05,0.3
5.1200e-05,0.1
5.2000e-05,0.3
5.2800e-05,0.1
5.3600e-05,0.1
5.4400e-05,0.3
5.5200e-05,0.1
5.6000e-05,0.1
5.6800e-05,0.3
5.7600e-05,0.1
5.8400e-05,0.1
5.9200e-05,0.1
6.0000e-05,0.1
6.0800e-05,0.1
6.1600e-05,0.1
6.2400e-05,0.3
6.3200e-05,0.1
6.4000e-05,0.1
6.4800e-05,0.1
6.5600e-05,0.1
6.6400e-05,0.1
6.7200e-05,0.1
6.8000e-05,0.1
6.8800e-05,0.1
6.9600e-05,0.1
7.0400e-05,0.1
7.1200e-05,0.1
7.2000e-05,0.1
7.2800e-05,0.1
7.3600e-05,0.1
7.4400e-05,0.1
7.5200e-05,0.1
7.6000e-05,0.1
7.6800e-05,0.1
7.7600e-05,0.1
7.8400e-05,0.1
7.9200e-05,0.1
8.0000e-05,0.1
8.0800e-05,0.1
8.1600e-05,0.1
8.2400e-05,0.1
8.3200e-05,0.1
8.4000e-05,0.1
8.4800e-05,0.1
8.5600e-05,0.1
8.6400e-05,0.1
8.7200e-05,0.1
8.8000e-05,0.1
8.8800e-05,0.1
8.9600e-05,0.1
9.0400e-05,0.1
9.1200e-05,0.1
9.2000e-05,0.1
9.2800e-05,0.1
9.3600e-05,0.1
9.4400e-05,0.1
9.5200e-05,0.1
9.6000e-05,0.1
9.6800e-05,-0.1
9.7600e-05,0.1
9.8400e-05,0.1
9.9200e-05,0.1
1.0000e-04,0.1
1.0080e-04,0.1
1.0160e-04,0.1
1.0240e-04,0.1
1.0320e-04,0.1
1.0400e-04,0.1
1.0480e-04,0.1
1.0560e-04,0.1
1.0640e-04,-0.1
1.0720e-04,-0.1
1.0800e-04,0.1
1.0880e-04,0.1
1.0960e-04,0.1
1.1040e-04,0.1
1.1120e-04,0.1
1.1200e-04,-0.1
1.1280e-04,-0.1
1.1360e-04,-0.1
1.1440e-04,-0.1
1.1520e-04,-0.1
1.1600e-04,-0.1
1.1680e-04,-0.1
1.1760e-04,-0.1
1.1840e-04,-0.1
1.1920e-04,-0.1
1.2000e-04,-0.1
1.2080e-04,-0.1
1.2160e-04,-0.1
1.2240e-04,-0.1
1.2320e-04,-0.1
1.2400e-04,-0.1
1.2480e-04,-0.1
1.2560e-04,-0.1
1.2640e-04,-0.1
1.2720e-04,-0.1
1.2800e-04,-0.1
1.2880e-04,-0.1
1.2960e-04,-0.1
1.3040e-04,-0.1
1.3120e-04,-0.1
1.3200e-04,-0.1
1.3280e-04,-0.1
1.3360e-04,-0.1
1.3440e-04,-0.1
1.3520e-04,-0.1
1.3600e-04,-0.1
1.3680e-04,-0.1
1.3760e-04,-0.1
1.3840e-04,-0.1
1.3920e-04,-0.1
1.4000e-04,-0.1
1.4080e-04,-0.1
1.4160e-04,-0.1
1.4240e-04,-0.1
1.4320e-04,-0.1
1.4400e-04,-0.1
1.4480e-04,-0.1
1.4560e-04,-0.1
1.4640e-04,-0.1
1.4720e-04,-0.1
1.4800e-04,-0.1
1.4880e-04,-0.1
1.4960e-04,-0.1
1.5040e-04,-0.1
1.5120e-04,-0.1
1.5200e-04,-0.1
1.5280e-04,-0.1
1.5360e-04,-0.1
1.5440e-04,-0.1
1.5520e-04,-0.1
1.5600e-04,-0.3
1.5680e-04,-0.3
1.5760e-04,-0.1
1.5840e-04,-0.1
1.5920e-04,-0.1
1.6000e-04,-0.1
1.6080e-04,-0.1
1.6160e-04,-0.1
1.6240e-04,-0.3
1.6320e-04,-0.3
1.6400e-04,-0.1
1.6480e-04,-0.1
1.6560e-04,-0.1
1.6640e-04,-0.3
1.6720e-04,-0.3
1.6800e-04,-0.3
1.6880e-04,-0.3
1.6960e-04,-0.3
1.7040e-04,-0.3
1.7120e-04,-0.3
1.7200e-04,-0.3
1.7280e-04,-0.3
1.7360e-04,-0.3
1.7440e-04,-0.3
1.7520e-04,-0.3
1.7600e-04,-0.3
1.7680e-04,-0.3
1.7760e-04,-0.3
1.7840e-04,-0.3
1.7920e-04,-0.3
1.8000e-04,-0.3
1.8080e-04,-0.3
1.8160e-04,-0.3
1.8240e-04,-0.3
1.8320e-04,-0.3
1.8400e-04,-0.3
1.8480e-04,-0.3
1.8560e-04,-0.3
1.8640e-04,-0.3
1.8720e-04,-0.3
1.8800e-04,-0.3
1.8880e-04,-0.3
1.8960e-04,-0.3
1.9040e-04,-0.3
1.9120e-04,-0.3
1.9200e-04,-0.3
1.9280e-04,-0.3
1.9360e-04,-0.3
1.9440e-04,-0.3
1.9520e-04,-0.3
1.9600e-04,-0.3
1.9680e-04,-0.5
1.9760e-04,-0.3
1.9840e-04,-0.3
1.9920e-04,-0.5
2.0000e-04,-0.3
2.0080e-04,-0.3
2.0160e-04,-0.3
2.0240e-04,-0.3
2.0320e-04,-0.3
2.0400e-04,-0.3
2.0480e-04,-0.3
2.0560e-04,-0.3
2.0640e-04,-0.3
2.0720e-04,-0.3
2.0800e-04,-0.3
2.0880e-04,-0.3
2.0960e-04,-0.3
2.1040e-04,-0.3
2.1120e-04,-0.5
2.1200e-04,-0.3
2.1280e-04,-0.5
2.1360e-04,-0.5
2.1440e-04,-0.3
2.1520e-04,-0.5
2.1600e-04,-0.3
2.1680e-04,-0.3
2.1760e-04,-0.3
2.1840e-04,-0.3
2.1920e-04,-0.5
2.2000e-04,-0.5
2.2080e-04,-0.5
2.2160e-04,-0.5
2.2240e-04,-0.3
2.2320e-04,-0.5
2.2400e-04,-0.5
2.2480e-04,-0.3
2.2560e-04,-0.5
2.2640e-04,-0.5
2.2720e-04,-0.5
2.2800e-04,-0.5
2.2880e-04,-0.5
2.2960e-04,-0.5
2.3040e-04,-0.5
2.3120e-04,-0.5
2.3200e-04,-0.5
2.3280e-04,-0.5
2.3360e-04,-0.5
2.3440e-04,-0.5
2.3520e-04,-0.5
2.3600e-04,-0.5
2.3680e-04,-0.5
2.3760e-04,-0.5
2.3840e-04,-0.5
2.3920e-04,-0.5
2.4000e-04,-0.5
2.4080e-04,-0.5
2.4160e-04,-0.5
2.4240e-04,-0.5
2.4320e-04,-0.5
2.4400e-04,-0.5
2.4480e-04,-0.5
2.4560e-04,-0.5
2.4640e-04,-0.5
2.4720e-04,-0.5
2.4800e-04,-0.5
2.4880e-04,-0.5
2.4960e-04,-0.5
2.5040e-04,-0.5
2.5120e-04,-0.5
2.5200e-04,-0.5
2.5280e-04,-0.5
2.5360e-04,-0.5
2.5440e-04,-0.5
2.5520e-04,-0.5
2.5600e-04,-0.5
2.5680e-04,-0.5
2.5760e-04,-0.5
2.5840e-04,-0.5
2.5920e-04,-0.5
2.6000e-04,-0.5
2.6080e-04,-0.5
2.6160e-04,-0.5
2.6240e-04,-0.5
2.6320e-04,-0.7
2.6400e-04,-0.5
2.6480e-04,-0.5
2.6560e-04,-0.5
2.6640e-04,-0.7
2.6720e-04,-0.5
2.6800e-04,-0.5
2.6880e-04,-0.5
2.6960e-04,-0.7
2.7040e-04,-0.5
2.7120e-04,-0.7
2.7200e-04,-0.7
2.7280e-04,-0.7
2.7360e-04,-0.7
2.7440e-04,-0.7
2.7520e-04,-0.5
2.7600e-04,-0.7
2.7680e-04,-0.7
2.7760e-04,-0.5
2.7840e-04,-0.5
2.7920e-04,-0.7
2.8000e-04,-0.5
2.8080e-04,-0.5
2.8160e-04,-0.7
2.8240e-04,-0.7
2.8320e-04,-0.7
2.8400e-04,-0.7
2.8480e-04,-0.7
2.8560e-04,-0.7
2.8640e-04,-0.7
2.8720e-04,-0.7
2.8800e-04,-0.7
2.8880e-04,-0.7
2.8960e-04,-0.7
2.9040e-04,-0.7
2.9120e-04,-0.7
2.9200e-04,-0.7
2.9280e-04,-0.7
2.9360e-04,-0.7
2.9440e-04,-0.7
2.9520e-04,-0.7
2.9600e-04,-0.7
2.9680e-04,-0.7
2.9760e-04,-0.7
2.9840e-04,-0.7
2.9920e-04,-0.7
3.0000e-04,-0.7
3.0080e-04,-0.7
3.0160e-04,-0.7
3.0240e-04,-0.9
3.0320e-04,-0.7
3.0400e-04,-0.7
3.0480e-04,-0.7
3.0560e-04,-0.7
3.0640e-04,-0.7
3.0720e-04,-0.7
3.0800e-04,-0.7
3.0880e-04,-0.7
3.0960e-04,-0.7
3.1040e-04,-0.7
3.1120e-04,-0.7
3.1200e-04,-0.7
3.1280e-04,-0.9
3.1360e-04,-0.7
3.1440e-04,-0.7
3.1520e-04,-0.7
3.1600e-04,-0.7
3.1680e-04,-0.9
3.1760e-04,-0.7
3.1840e-04,-0.7
3.1920e-04,-0.9
3.2000e-04,-0.7
3.2080e-04,-0.7
3.2160e-04,-0.7
3.2240e-04,-0.7
3.2320e-04,-0.7
3.2400e-04,-0.7
3.2480e-04,-0.7
3.2560e-04,-0.7
3.2640e-04,-0.7
3.2720e-04,-0.9
3.2800e-04,-0.9
3.2880e-04,-0.9
3.2960e-04,-0.9
3.3040e-04,-0.9
3.3120e-04,-0.9
3.3200e-04,-0.9
3.3280e-04,-0.9
3.3360e-04,-0.9
3.3440e-04,-0.9
3.3520e-04,-0.9
3.3600e-04,-0.9
3.3680e-04,-0.9
3.3760e-04,-0.9
3.3840e-04,-0.9
3.3920e-04,-0.9
3.4000e-04,-0.9
3.4080e-04,-0.7
3.4160e-04,-0.9
3.4240e-04,-0.9
3.4320e-04,-0.9
3.4400e-04,-0.9
3.4480e-04,-0.9
3.4560e-04,-0.9
3.4640e-04,-0.9
3.4720e-04,-0.9
3.4800e-04,-0.9
3.4880e-04,-0.9
3.4960e-04,-0.9
3.5040e-04,-0.9
3.5120e-04,-0.9
3.5200e-04,-0.9
3.5280e-04,-0.9
3.5360e-04,-0.9
3.5440e-04,-0.9
3.5520e-04,-0.9
3.5600e-04,-0.9
3.5680e-04,-0.9
3.5760e-04,-0.9
3.5840e-04,-0.9
3.5920e-04,-0.9
3.6000e-04,-0.9
3.6080e-04,-0.9
3.6160e-04,-0.9
3.6240e-04,-0.9
3.6320e-04,-0.9
3.6400e-04,-0.9
3.6480e-04,-0.9
3.6560e-04,-0.9
3.6640e-04,-0.9
3.6720e-04,-0.9
3.6800e-04,-0.9
3.6880e-04,-0.9
3.6960e-04,-0.9
3.7040e-04,-0.9
3.7120e-04,-0.9
3.7200e-04,-0.9
3.7280e-04,-0.9
3.7360e-04,-0.9
3.7440e-04,-0.9
3.7520e-04,-0.9
3.7600e-04,-0.9
3.7680e-04,-0.9
3.7760e-04,-0.9
3.7840e-04,-0.9
3.7920e-04,-0.9
3.8000e-04,-0.9
3.8080e-04,-0.9
3.8160e-04,-1.1
3.8240e-04,-0.9
3.8320e-04,-1.1
3.8400e-04,-1.1
3.8480e-04,-0.9
3.8560e-04,-0.9
3.8640e-04,-0.9
3.8720e-04,-0.9
3.8800e-04,-0.9
3.8880e-04,-1.1
3.8960e-04,-1.1
3.9040e-04,-0.9
3.9120e-04,-1.1
3.9200e-04,-1.1
3.9280e-04,-1.1
3.9360e-04,-0.9
3.9440e-04,-1.1
3.9520e-04,-0.9
3.9600e-04,-0.9
3.9680e-04,-1.1
3.9760e-04,-1.1
3.9840e-04,-1.1
3.9920e-04,-1.1
4.0000e-04,-1.1
4.0080e-04,-1.1
4.0160e-04,-1.1
4.0240e-04,-1.1
4.0320e-04,-1.1
4.0400e-04,-1.1
4.0480e-04,-1.1
4.0560e-04,-1.1
4.0640e-04,-1.1
4.0720e-04,-1.1
4.0800e-04,-1.1
4.0880e-04,-1.1
4.0960e-04,-1.1
4.1040e-04,-1.1
4.1120e-04,-1.1
4.1200e-04,-1.1
4.1280e-04,-1.1
4.1360e-04,-1.1
4.1440e-04,-1.1
4.1520e-04,-1.1
4.1600e-04,-1.1
4.1680e-04,-1.1
4.1760e-04,-1.1
4.1840e-04,-1.1
4.1920e-04,-1.1
4.2000e-04,-1.1
4.2080e-04,-1.1
4.2160e-04,-1.1
4.2240e-04,-1.1
4.2320e-04,-1.1
4.2400e-04,-1.1
4.2480e-04,-1.1
4.2560e-04,-1.1
4.2640e-04,-1.1
4.2720e-04,-1.1
4.2800e-04,-1.1
4.2880e-04,-1.1
4.2960e-04,-1.1
4.3040e-04,-1.1
4.3120e-04,-1.1
4.3200e-04,-1.1
4.3280e-04,-1.1
4.3360e-04,-1.1
4.3440e-04,-1.1
4.3520e-04,-1.1
4.3600e-04,-1.1
4.3680e-04,-1.1
4.3760e-04,-1.1
4.3840e-04,-1.3
4.3920e-04,-1.1
4.4000e-04,-1.1
4.4080e-04,-1.1
4.4160e-04,-1.1
4.4240e-04,-1.1
4.4320e-04,-1.1
4.4400e-04,-1.1
4.4480e-04,-1.1
4.4560e-04,-1.3
4.4640e-04,-1.1
4.4720e-04,-1.3
4.4800e-04,-1.1
4.4880e-04,-1.3
4.4960e-04,-1.1
4.5040e-04,-1.1
4.5120e-04,-1.3
4.5200e-04,-1.3
4.5280e-04,-1.3
4.5360e-04,-1.1
4.5440e-04,-1.3
4.5520e-04,-1.3
4.5600e-04,-1.3
4.5680e-04,-1.3
4.5760e-04,-1.3
4.5840e-04,-1.1
4.5920e-04,-1.3
4.6000e-04,-1.3
4.6080e-04,-1.3
4.6160e-04,-1.3
4.6240e-04,-1.3
4.6320e-04,-1.3
4.6400e-04,-1.3
4.6480e-04,-1.3
4.6560e-04,-1.3
4.6640e-04,-1.3
4.6720e-04,-1.3
4.6800e-04,-1.3
4.6880e-04,-1.3
4.6960e-04,-1.3
4.7040e-04,-1.3
4.7120e-04,-1.3
4.7200e-04,-1.3
4.7280e-04,-1.3
4.7360e-04,-1.3
4.7440e-04,-1.3
4.7520e-04,-1.3
4.7600e-04,-1.3
4.7680e-04,-1.3
4.7760e-04,-1.3
4.7840e-04,-1.3
4.7920e-04,-1.3
4.8000e-04,-1.3
4.8080e-04,-1.3
4.8160e-04,-1.3
4.8240e-04,-1.3
4.8320e-04,-1.3
4.8400e-04,-1.3
4.8480e-04,-1.3
4.8560e-04,-1.3
4.8640e-04,-1.3
4.8720e-04,-1.3
4.8800e-04,-1.3
4.8880e-04,-1.3
4.8960e-04,-1.3
4.9040e-04,-1.3
4.9120e-04,-1.3
4.9200e-04,-1.3
4.9280e-04,-1.3
4.9360e-04,-1.3
4.9440e-04,-1.3
4.9520e-04,-1.3
4.9600e-04,-1.3
4.9680e-04,-1.3
4.9760e-04,-1.3
4.9840e-04,-1.3
4.9920e-04,-1.3
5.0000e-04,-1.3
5.0080e-04,-1.3
5.0160e-04,-1.3
5.0240e-04,-1.3
5.0320e-04,-1.3
5.0400e-04,-1.3
5.0480e-04,-1.3
5.0560e-04,-1.3
5.0640e-04,-1.3
5.0720e-04,-1.3
5.0800e-04,-1.3
5.0880e-04,-1.3
5.0960e-04,-1.3
5.1040e-04,-1.3
5.1120e-04,-1.3
5.1200e-04,-1.3
5.1280e-04,-1.3
5.1360e-04,-1.3
5.1440e-04,-1.3
5.1520e-04,-1.3
5.1600e-04,-1.3
5.1680e-04,-1.3
5.1760e-04,-1.3
5.1840e-04,-1.3
5.1920e-04,-1.3
5.2000e-04,-1.3
5.2080e-04,-1.3
5.2160e-04,-1.3
5.2240e-04,-1.5
5.2320e-04,-1.3
5.2400e-04,-1.3
5.2480e-04,-1.5
5.2560e-04,-1.3
5.2640e-04,-1.3
5.2720e-04,-1.5
5.2800e-04,-1.5
5.2880e-04,-1.3
5.2960e-04,-1.5
5.3040e-04,-1.5
5.3120e-04,-1.5
5.3200e-04,-1.3
5.3280e-04,-1.3
5.3360e-04,-1.5
5.3440e-04,-1.5
5.3520e-04,-1.5
5.3600e-04,-1.3
5.3680e-04,-1.5
5.3760e-04,-1.5
5.3840e-04,-1.5
5.3920e-04,-1.5
5.4000e-04,-1.5
5.4080e-04,-1.5
5.4160e-04,-1.5
5.4240e-04,-1.5
5.4320e-04,-1.5
5.4400e-04,-1.5
5.4480e-04,-1.5
5.4560e-04,-1.5
5.4640e-04,-1.5
5.4720e-04,-1.5
5.4800e-04,-1.5
5.4880e-04,-1.5
5.4960e-04,-1.5
5.5040e-04,-1.5
5.5120e-04,-1.5
5.5200e-04,-1.5
5.5280e-04,-1.5
5.5360e-04,-1.5
5.5440e-04,-1.5
5.5520e-04,-1.5
5.5600e-04,-1.5
5.5680e-04,-1.5
5.5760e-04,-1.5
5.5840e-04,-1.5
5.5920e-04,-1.5
5.6000e-04,-1.5
5.6080e-04,-1.5
5.6160e-04,-1.5
5.6240e-04,-1.5
5.6320e-04,-1.5
5.6400e-04,-1.5
5.6480e-04,-1.5
5.6560e-04,-1.5
5.6640e-04,-1.5
5.6720e-04,-1.5
5.6800e-04,-1.5
5.6880e-04,-1.5
5.6960e-04,-1.5
5.7040e-04,-1.5
5.7120e-04,-1.5
5.7200e-04,-1.5
5.7280e-04,-1.5
5.7360e-04,-1.5
5.7440e-04,-1.5
5.7520e-04,-1.5
5.7600e-04,-1.5
5.7680e-04,-1.5
5.7760e-04,-1.5
5.7840e-04,-1.5
5.7920e-04,-1.5
5.8000e-04,-1.5
5.8080e-04,-1.5
5.8160e-04,-1.5
5.8240e-04,-1.5
5.8320e-04,-1.5
5.8400e-04,-1.5
5.8480e-04,-1.5
5.8560e-04,-1.5
5.8640e-04,-1.5
5.8720e-04,-1.5
5.8800e-04,-1.5
5.8880e-04,-1.5
5.8960e-04,-1.5
5.9040e-04,-1.5
5.9120e-04,-1.5
5.9200e-04,-1.5
5.9280e-04,-1.5
5.9360e-04,-1.7
5.9440e-04,-1.5
5.9520e-04,-1.5
5.9600e-04,-1.5
5.9680e-04,-1.5
5.9760e-04,-1.5
5.9840e-04,-1.5
5.9920e-04,-1.5
6.0000e-04,-1.5
6.0080e-04,-1.7
6.0160e-04,-1.7
6.0240e-04,-1.5
6.0320e-04,-1.5
6.0400e-04,-1.7
6.0480e-04,-1.7
6.0560e-04,-1.5
6.0640e-04,-1.5
6.0720e-04,-1.5
6.0800e-04,-1.5
6.0880e-04,-1.7
6.0960e-04,-1.7
6.1040e-04,-1.7
6.1120e-04,-1.5
6.1200e-04,-1.5
6.1280e-04,-1.5
6.1360e-04,-1.7
6.1440e-04,-1.7
6.1520e-04,-1.7
6.1600e-04,-1.5
6.1680e-04,-1.7
6.1760e-04,-1.7
6.1840e-04,-1.5
6.1920e-04,-1.7
6.2000e-04,-1.7
6.2080e-04,-1.5
6.2160e-04,-1.7
6.2240e-04,-1.7
6.2320e-04,-1.7
6.2400e-04,-1.7
6.2480e-04,-1.7
6.2560e-04,-1.7
6.2640e-04,-1.7
6.2720e-04,-1.7
6.2800e-04,-1.7
6.2880e-04,-1.7
6.2960e-04,-1.7
6.3040e-04,-1.7
6.3120e-04,-1.7
6.3200e-04,-1.7
6.3280e-04,-1.7
6.3360e-04,-1.7
6.3440e-04,-1.7
6.3520e-04,-1.7
6.3600e-04,-1.7
6.3680e-04,-1.7
6.3760e-04,-1.7
6.3840e-04,-1.7
6.3920e-04,-1.7
6.4000e-04,-1.7
6.4080e-04,-1.7
6.4160e-04,-1.7
6.4240e-04,-1.7
6.4320e-04,-1.7
6.4400e-04,-1.7
6.4480e-04,-1.7
6.4560e-04,-1.7
6.4640e-04,-1.7
6.4720e-04,-1.7
6.4800e-04,-1.7
6.4880e-04,-1.7
6.4960e-04,-1.7
6.5040e-04,-1.7
6.5120e-04,-1.7
6.5200e-04,-1.7
6.5280e-04,-1.7
6.5360e-04,-1.7
6.5440e-04,-1.7
6.5520e-04,-1.7
6.5600e-04,-1.7
6.5680e-04,-1.7
6.5760e-04,-1.7
6.5840e-04,-1.7
6.5920e-04,-1.7
6.6000e-04,-1.7
6.6080e-04,-1.7
6.6160e-04,-1.7
6.6240e-04,-1.7
6.6320e-04,-1.7
6.6400e-04,-1.7
6.6480e-04,-1.7
6.6560e-04,-1.7
6.6640e-04,-1.7
6.6720e-04,-1.7
6.6800e-04,-1.7
6.6880e-04,-1.7
6.6960e-04,-1.7
6.7040e-04,-1.7
6.7120e-04,-1.7
6.7200e-04,-1.7
6.7280e-04,-1.7
6.7360e-04,-1.7
6.7440e-04,-1.7
6.7520e-04,-1.7
6.7600e-04,-1.7
6.7680e-04,-1.7
6.7760e-04,-1.7
6.7840e-04,-1.7
6.7920e-04,-1.7
6.8000e-04,-1.7
6.8080e-04,-1.7
6.8160e-04,-1.7
6.8240e-04,-1.7
6.8320e-04,-1.7
6.8400e-04,-1.7
6.8480e-04,-1.7
6.8560e-04,-1.7
6.8640e-04,-1.7
6.8720e-04,-1.7
6.8800e-04,-1.7
6.8880e-04,-1.7
6.8960e-04,-1.7
6.9040e-04,-1.7
6.9120e-04,-1.7
6.9200e-04,-1.7
6.9280e-04,-1.7
6.9360e-04,-1.7
6.9440e-04,-1.7
6.9520e-04,-1.7
6.9600e-04,-1.9
6.9680e-04,-1.9
6.9760e-04,-1.7
6.9840e-04,-1.7
6.9920e-04,-1.7
7.0000e-04,-1.7
7.0080e-04,-1.7
7.0160e-04,-1.7
7.0240e-04,-1.9
7.0320e-04,-1.7
7.0400e-04,-1.7
7.0480e-04,-1.7
7.0560e-04,-1.7
7.0640e-04,-1.7
7.0720e-04,-1.7
7.0800e-04,-1.7
7.0880e-04,-1.9
7.0960e-04,-1.9
7.1040e-04,-1.9
7.1120e-04,-1.9
7.1200e-04,-1.7
7.1280e-04,-1.7
7.1360e-04,-1.9
7.1440e-04,-1.9
7.1520e-04,-1.9
7.1600e-04,-1.9
7.1680e-04,-1.7
7.1760e-04,-1.7
7.1840e-04,-1.7
7.1920e-04,-1.9
7.2000e-04,-1.9
7.2080e-04,-1.9
7.2160e-04,-1.7
7.2240e-04,-1.9
7.2320e-04,-1.7
7.2400e-04,-1.9
7.2480e-04,-1.7
7.2560e-04,-1.7
7.2640e-04,-1.9
7.2720e-04,-1.7
7.2800e-04,-1.7
7.2880e-04,-1.7
7.2960e-04,-1.7
7.3040e-04,-1.9
7.3120e-04,-1.9
7.3200e-04,-1.9
7.3280e-04,-1.9
7.3360e-04,-1.9
7.3440e-04,-1.9
7.3520e-04,-1.9
7.3600e-04,-1.9
7.3680e-04,-1.9
7.3760e-04,-1.9
7.3840e-04,-1.9
7.3920e-04,-1.9
7.4000e-04,-1.9
7.4080e-04,-1.9
7.4160e-04,-1.9
7.4240e-04,-1.9
7.4320e-04,-1.9
7.4400e-04,-1.9
7.4480e-04,-1.9
7.4560e-04,-1.9
7.4640e-04,-1.9
7.4720e-04,-1.9
7.4800e-04,-1.9
7.4880e-04,-1.9
7.4960e-04,-1.9
7.5040e-04,-1.9
7.5120e-04,-1.9
7.5200e-04,-1.9
7.5280e-04,-1.9
7.5360e-04,-1.9
7.5440e-04,-1.9
7.5520e-04,-1.9
7.5600e-04,-1.9
7.5680e-04,-1.9
7.5760e-04,-1.9
7.5840e-04,-1.9
7.5920e-04,-1.9
7.6000e-04,-1.9
7.6080e-04,-1.9
7.6160e-04,-1.9
7.6240e-04,-1.9
7.6320e-04,-1.9
7.6400e-04,-1.9
7.6480e-04,-1.9
7.6560e-04,-1.9
7.6640e-04,-1.9
7.6720e-04,-1.9
7.6800e-04,-1.9
7.6880e-04,-1.9
7.6960e-04,-1.9
7.7040e-04,-1.9
7.7120e-04,-1.9
7.7200e-04,-1.9
7.7280e-04,-1.9
7.7360e-04,-1.9
7.7440e-04,-1.9
7.7520e-04,-1.9
7.7600e-04,-1.9
7.7680e-04,-1.9
7.7760e-04,-1.9
7.7840e-04,-1.9
7.7920e-04,-1.9
7.8000e-04,-1.9
7.8080e-04,-1.9
7.8160e-04,-1.9
7.8240e-04,-1.9
7.8320e-04,-1.9
7.8400e-04,-1.9
7.8480e-04,-1.9
7.8560e-04,-1.9
7.8640e-04,-1.9
7.8720e-04,-1.9
7.8800e-04,-1.9
7.8880e-04,-1.9
7.8960e-04,-1.9
7.9040e-04,-1.9
7.9120e-04,-1.9
7.9200e-04,-1.9
7.9280e-04,-1.9
7.9360e-04,-1.9
7.9440e-04,-1.9
7.9520e-04,-1.9
7.9600e-04,-1.9
7.9680e-04,-1.9
7.9760e-04,-1.9
7.9840e-04,-1.9
7.9920e-04,-1.9
8.0000e-04,-1.9
8.0080e-04,-1.9
8.0160e-04,-1.9
8.0240e-04,-1.9
8.0320e-04,-1.9
8.0400e-04,-1.9
8.0480e-04,-1.9
8.0560e-04,-1.9
8.0640e-04,-2.1
8.0720e-04,-1.9
8.0800e-04,-1.9
8.0880e-04,-1.9
8.0960e-04,-1.9
8.1040e-04,-1.9
8.1120e-04,-1.9
8.1200e-04,-1.9
8.1280e-04,-1.9
8.1360e-04,-1.9
8.1440e-04,-1.9
8.1520e-04,-1.9
8.1600e-04,-1.9
8.1680e-04,-1.9
8.1760e-04,-1.9
8.1840e-04,-1.9
8.1920e-04,-2.1
8.2000e-04,-1.9
8.2080e-04,-1.9
8.2160e-04,-1.9
8.2240e-04,-1.9
8.2320e-04,-1.9
8.2400e-04,-1.9
8.2480e-04,-1.9
8.2560e-04,-2.1
8.2640e-04,-1.9
8.2720e-04,-1.9
8.2800e-04,-1.9
8.2880e-04,-2.1
8.2960e-04,-1.9
8.3040e-04,-1.9
8.3120e-04,-1.9
8.3200e-04,-1.9
8.3280e-04,-1.9
8.3360e-04,-1.9
8.3440e-04,-1.9
8.3520e-04,-1.9
8.3600e-04,-1.9
8.3680e-04,-1.9
8.3760e-04,-1.9
8.3840e-04,-1.9
8.3920e-04,-1.9
8.4000e-04,-1.9
8.4080e-04,-1.9
8.4160e-04,-1.9
8.4240e-04,-1.9
8.4320e-04,-1.9
8.4400e-04,-1.9
8.4480e-04,-1.9
8.4560e-04,-1.9
8.4640e-04,-2.1
8.4720e-04,-1.9
8.4800e-04,-1.9
8.4880e-04,-1.9
8.4960e-04,-2.1
8.5040e-04,-1.9
8.5120e-04,-2.1
8.5200e-04,-1.9
8.5280e-04,-1.9
8.5360e-04,-1.9
8.5440e-04,-1.9
8.5520e-04,-1.9
8.5600e-04,-1.9
8.5680e-04,-1.9
8.5760e-04,-1.9
8.5840e-04,-2.1
8.5920e-04,-1.9
8.6000e-04,-1.9
8.6080e-04,-1.9
8.6160e-04,-2.1
8.6240e-04,-1.9
8.6320e-04,-1.9
8.6400e-04,-2.1
8.6480e-04,-1.9
8.6560e-04,-2.1
8.6640e-04,-1.9
8.6720e-04,-1.9
8.6800e-04,-1.9
8.6880e-04,-1.9
8.6960e-04,-1.9
8.7040e-04,-1.9
8.7120e-04,-1.9
8.7200e-04,-1.9
8.7280e-04,-1.9
8.7360e-04,-1.9
8.7440e-04,-1.9
8.7520e-04,-1.9
8.7600e-04,-1.9
8.7680e-04,-1.9
8.7760e-04,-1.9
8.7840e-04,-1.9
8.7920e-04,-2.1
8.8000e-04,-1.9
8.8080e-04,-1.9
8.8160e-04,-1.9
8.8240e-04,-1.9
8.8320e-04,-2.1
8.8400e-04,-1.9
8.8480e-04,-1.9
8.8560e-04,-2.1
8.8640e-04,-1.9
8.8720e-04,-2.1
8.8800e-04,-1.9
8.8880e-04,-1.9
8.8960e-04,-1.9
8.9040e-04,-2.1
8.9120e-04,-1.9
8.9200e-04,-1.9
8.9280e-04,-1.9
8.9360e-04,-1.9
8.9440e-04,-1.9
8.9520e-04,-1.9
8.9600e-04,-1.9
8.9680e-04,-1.9
8.9760e-04,-1.9
8.9840e-04,-1.9
8.9920e-04,-1.9
9.0000e-04,-1.9
9.0080e-04,-1.9
9.0160e-04,-1.9
9.0240e-04,-1.9
9.0320e-04,-1.9
9.0400e-04,-1.9
9.0480e-04,-1.9
9.0560e-04,-1.9
9.0640e-04,-1.9
9.0720e-04,-1.9
9.0800e-04,-1.9
9.0880e-04,-1.9
9.0960e-04,-1.9
9.1040e-04,-1.9
9.1120e-04,-1.9
9.1200e-04,-1.9
9.1280e-04,-1.9
9.1360e-04,-1.9
9.1440e-04,-1.9
9.1520e-04,-1.9
9.1600e-04,-1.9
9.1680e-04,-1.9
9.1760e-04,-1.9
9.1840e-04,-1.9
9.1920e-04,-1.9
9.2000e-04,-1.9
9.2080e-04,-1.9
9.2160e-04,-1.9
9.2240e-04,-1.9
9.2320e-04,-1.9
9.2400e-04,-1.9
9.2480e-04,-1.9
9.2560e-04,-1.9
9.2640e-04,-1.9
9.2720e-04,-1.9
9.2800e-04,-1.9
9.2880e-04,-1.9
9.2960e-04,-1.9
9.3040e-04,-1.9
9.3120e-04,-1.9
9.3200e-04,-1.9
9.3280e-04,-1.9
9.3360e-04,-1.9
9.3440e-04,-1.9
9.3520e-04,-1.9
9.3600e-04,-1.9
9.3680e-04,-1.9
9.3760e-04,-1.9
9.3840e-04,-1.9
9.3920e-04,-1.9
9.4000e-04,-1.9
9.4080e-04,-1.9
9.4160e-04,-1.9
9.4240e-04,-1.9
9.4320e-04,-1.9
9.4400e-04,-1.9
9.4480e-04,-1.9
9.4560e-04,-1.9
9.4640e-04,-1.9
9.4720e-04,-1.9
9.4800e-04,-1.9
9.4880e-04,-1.9
9.4960e-04,-1.9
9.5040e-04,-1.9
9.5120e-04,-1.9
9.5200e-04,-1.9
9.5280e-04,-1.9
9.5360e-04,-1.9
9.5440e-04,-1.9
9.5520e-04,-1.9
9.5600e-04,-1.9
9.5680e-04,-1.9
9.5760e-04,-1.9
9.5840e-04,-1.9
9.5920e-04,-1.9
9.6000e-04,-1.9
9.6080e-04,-1.9
9.6160e-04,-1.9
9.6240e-04,-1.9
9.6320e-04,-1.9
9.6400e-04,-1.9
9.6480e-04,-1.9
9.6560e-04,-1.9
9.6640e-04,-1.9
9.6720e-04,-1.9
9.6800e-04,-1.7
9.6880e-04,-1.9
9.6960e-04,-1.9
9.7040e-04,-1.9
9.7120e-04,-1.9
9.7200e-04,-1.9
9.7280e-04,-1.7
9.7360e-04,-1.9
9.7440e-04,-1.9
9.7520e-04,-1.9
9.7600e-04,-1.7
9.7680e-04,-1.9
9.7760e-04,-1.9
9.7840e-04,-1.9
9.7920e-04,-1.9
9.8000e-04,-1.9
9.8080e-04,-1.9
9.8160e-04,-1.9
9.8240e-04,-1.9
9.8320e-04,-1.9
9.8400e-04,-1.9
9.8480e-04,-1.9
9.8560e-04,-1.9
9.8640e-04,-1.9
9.8720e-04,-1.9
9.8800e-04,-1.9
9.8880e-04,-1.9
9.8960e-04,-1.7
9.9040e-04,-1.7
9.9120e-04,-1.9
9.9200e-04,-1.7
9.9280e-04,-1.9
9.9360e-04,-1.7
9.9440e-04,-1.9
9.9520e-04,-1.7
9.9600e-04,-1.9
9.9680e-04,-1.7
9.9760e-04,-1.7
9.9840e-04,-1.9
9.9920e-04,-1.9
1.0000e-03,-1.7
1.0008e-03,-1.7
1.0016e-03,-1.7
1.0024e-03,-1.7
1.0032e-03,-1.7
1.0040e-03,-1.7
1.0048e-03,-1.9
1.0056e-03,-1.7
1.0064e-03,-1.7
1.0072e-03,-1.7
1.0080e-03,-1.7
1.0088e-03,-1.9
1.0096e-03,-1.7
1.0104e-03,-1.7
1.0112e-03,-1.7
1.0120e-03,-1.7
1.0128e-03,-1.7
1.0136e-03,-1.7
1.0144e-03,-1.9
1.0152e-03,-1.7
1.0160e-03,-1.7
1.0168e-03,-1.7
1.0176e-03,-1.7
1.0184e-03,-1.9
1.0192e-03,-1.7
1.0200e-03,-1.7
1.0208e-03,-1.7
1.0216e-03,-1.7
1.0224e-03,-1.7
1.0232e-03,-1.7
1.0240e-03,-1.7
1.0248e-03,-1.7
1.0256e-03,-1.7
1.0264e-03,-1.7
1.0272e-03,-1.7
1.0280e-03,-1.7
1.0288e-03,-1.7
1.0296e-03,-1.7
1.0304e-03,-1.7
1.0312e-03,-1.7
1.0320e-03,-1.7
1.0328e-03,-1.7
1.0336e-03,-1.7
1.0344e-03,-1.7
1.0352e-03,-1.7
1.0360e-03,-1.7
1.0368e-03,-1.7
1.0376e-03,-1.7
1.0384e-03,-1.7
1.0392e-03,-1.7
1.0400e-03,-1.7
1.0408e-03,-1.7
1.0416e-03,-1.7
1.0424e-03,-1.7
1.0432e-03,-1.7
1.0440e-03,-1.7
1.0448e-03,-1.7
1.0456e-03,-1.7
1.0464e-03,-1.7
1.0472e-03,-1.7
1.0480e-03,-1.7
1.0488e-03,-1.7
1.0496e-03,-1.7
1.0504e-03,-1.7
1.0512e-03,-1.7
1.0520e-03,-1.7
1.0528e-03,-1.7
1.0536e-03,-1.7
1.0544e-03,-1.7
1.0552e-03,-1.7
1.0560e-03,-1.7
1.0568e-03,-1.7
1.0576e-03,-1.7
1.0584e-03,-1.7
1.0592e-03,-1.7
1.0600e-03,-1.7
1.0608e-03,-1.7
1.0616e-03,-1.7
1.0624e-03,-1.7
1.0632e-03,-1.7
1.0640e-03,-1.7
1.0648e-03,-1.7
1.0656e-03,-1.7
1.0664e-03,-1.7
1.0672e-03,-1.7
1.0680e-03,-1.7
1.0688e-03,-1.7
1.0696e-03,-1.7
1.0704e-03,-1.7
1.0712e-03,-1.7
1.0720e-03,-1.7
1.0728e-03,-1.7
1.0736e-03,-1.7
1.0744e-03,-1.7
1.0752e-03,-1.7
1.0760e-03,-1.7
1.0768e-03,-1.7
1.0776e-03,-1.5
1.0784e-03,-1.7
1.0792e-03,-1.5
1.0800e-03,-1.7
1.0808e-03,-1.7
1.0816e-03,-1.5
1.0824e-03,-1.7
1.0832e-03,-1.5
1.0840e-03,-1.7
1.0848e-03,-1.7
1.0856e-03,-1.5
1.0864e-03,-1.7
1.0872e-03,-1.5
1.0880e-03,-1.7
1.0888e-03,-1.7
1.0896e-03,-1.5
1.0904e-03,-1.7
1.0912e-03,-1.7
1.0920e-03,-1.7
1.0928e-03,-1.7
1.0936e-03,-1.7
1.0944e-03,-1.7
1.0952e-03,-1.5
1.0960e-03,-1.5
1.0968e-03,-1.5
1.0976e-03,-1.5
1.0984e-03,-1.7
1.0992e-03,-1.5
1.1000e-03,-1.5
1.1008e-03,-1.5
1.1016e-03,-1.7
1.1024e-03,-1.5
1.1032e-03,-1.5
1.1040e-03,-1.5
1.1048e-03,-1.5
1.1056e-03,-1.5
1.1064e-03,-1.5
1.1072e-03,-1.7
1.1080e-03,-1.5
1.1088e-03,-1.5
1.1096e-03,-1.5
1.1104e-03,-1.5
1.1112e-03,-1.5
1.1120e-03,-1.5
1.1128e-03,-1.7
1.1136e-03,-1.5
1.1144e-03,-1.5
1.1152e-03,-1.5
1.1160e-03,-1.5
1.1168e-03,-1.5
1.1176e-03,-1.5
1.1184e-03,-1.5
1.1192e-03,-1.5
1.1200e-03,-1.5
1.1208e-03,-1.5
1.1216e-03,-1.5
1.1224e-03,-1.5
1.1232e-03,-1.5
1.1240e-03,-1.5
1.1248e-03,-1.5
1.1256e-03,-1.5
1.1264e-03,-1.5
1.1272e-03,-1.5
1.1280e-03,-1.5
1.1288e-03,-1.5
1.1296e-03,-1.5
1.1304e-03,-1.5
1.1312e-03,-1.5
1.1320e-03,-1.5
1.1328e-03,-1.5
1.1336e-03,-1.5
1.1344e-03,-1.5
1.1352e-03,-1.5
1.1360e-03,-1.5
1.1368e-03,-1.5
1.1376e-03,-1.5
1.1384e-03,-1.5
1.1392e-03,-1.5
1.1400e-03,-1.5
1.1408e-03,-1.5
1.1416e-03,-1.5
1.1424e-03,-1.5
1.1432e-03,-1.5
1.1440e-03,-1.5
1.1448e-03,-1.5
1.1456e-03,-1.5
1.1464e-03,-1.5
1.1472e-03,-1.5
1.1480e-03,-1.5
1.1488e-03,-1.5
1.1496e-03,-1.5
1.1504e-03,-1.5
1.1512e-03,-1.5
1.1520e-03,-1.3
1.1528e-03,-1.5
1.1536e-03,-1.5
1.1544e-03,-1.5
1.1552e-03,-1.5
1.1560e-03,-1.5
1.1568e-03,-1.5
1.1576e-03,-1.3
1.1584e-03,-1.5
1.1592e-03,-1.3
1.1600e-03,-1.3
1.1608e-03,-1.3
1.1616e-03,-1.5
1.1624e-03,-1.5
1.1632e-03,-1.5
1.1640e-03,-1.3
1.1648e-03,-1.5
1.1656e-03,-1.5
1.1664e-03,-1.5
1.1672e-03,-1.5
1.1680e-03,-1.5
1.1688e-03,-1.3
1.1696e-03,-1.3
1.1704e-03,-1.3
1.1712e-03,-1.3
1.1720e-03,-1.5
1.1728e-03,-1.3
1.1736e-03,-1.3
1.1744e-03,-1.3
1.1752e-03,-1.3
1.1760e-03,-1.3
1.1768e-03,-1.3
1.1776e-03,-1.3
1.1784e-03,-1.3
1.1792e-03,-1.3
1.1800e-03,-1.3
1.1808e-03,-1.3
1.1816e-03,-1.3
1.1824e-03,-1.3
1.1832e-03,-1.3
1.1840e-03,-1.3
1.1848e-03,-1.3
1.1856e-03,-1.3
1.1864e-03,-1.3
1.1872e-03,-1.3
1.1880e-03,-1.3
1.1888e-03,-1.3
1.1896e-03,-1.3
1.1904e-03,-1.3
1.1912e-03,-1.3
1.1920e-03,-1.3
1.1928e-03,-1.3
1.1936e-03,-1.3
1.1944e-03,-1.3
1.1952e-03,-1.3
1.1960e-03,-1.3
1.1968e-03,-1.3
1.1976e-03,-1.3
1.1984e-03,-1.3
1.1992e-03,-1.3
1.2000e-03,-1.3
1.2008e-03,-1.3
1.2016e-03,-1.3
1.2024e-03,-1.3
1.2032e-03,-1.3
1.2040e-03,-1.3
1.2048e-03,-1.3
1.2056e-03,-1.3
1.2064e-03,-1.3
1.2072e-03,-1.3
1.2080e-03,-1.3
1.2088e-03,-1.3
1.2096e-03,-1.3
1.2104e-03,-1.3
1.2112e-03,-1.3
1.2120e-03,-1.3
1.2128e-03,-1.3
1.2136e-03,-1.3
1.2144e-03,-1.3
1.2152e-03,-1.3
1.2160e-03,-1.3
1.2168e-03,-1.3
1.2176e-03,-1.3
1.2184e-03,-1.3
1.2192e-03,-1.3
1.2200e-03,-1.3
1.2208e-03,-1.1
1.2216e-03,-1.3
1.2224e-03,-1.3
1.2232e-03,-1.3
1.2240e-03,-1.3
1.2248e-03,-1.3
1.2256e-03,-1.3
1.2264e-03,-1.3
1.2272e-03,-1.3
1.2280e-03,-1.3
1.2288e-03,-1.1
1.2296e-03,-1.1
1.2304e-03,-1.3
1.2312e-03,-1.3
1.2320e-03,-1.1
1.2328e-03,-1.1
1.2336e-03,-1.1
1.2344e-03,-1.3
1.2352e-03,-1.1
1.2360e-03,-1.1
1.2368e-03,-1.3
1.2376e-03,-1.1
1.2384e-03,-1.1
1.2392e-03,-1.1
1.2400e-03,-1.3
1.2408e-03,-1.3
1.2416e-03,-1.1
1.2424e-03,-1.1
1.2432e-03,-1.1
1.2440e-03,-1.1
1.2448e-03,-1.1
1.2456e-03,-1.1
1.2464e-03,-1.1
1.2472e-03,-1.1
1.2480e-03,-1.1
1.2488e-03,-1.1
1.2496e-03,-1.1
1.2504e-03,-1.1
1.2512e-03,-1.1
1.2520e-03,-1.1
1.2528e-03,-1.1
1.2536e-03,-1.1
1.2544e-03,-1.1
1.2552e-03,-1.1
1.2560e-03,-1.1
1.2568e-03,-1.1
1.2576e-03,-1.1
1.2584e-03,-1.1
1.2592e-03,-1.1
1.2600e-03,-1.1
1.2608e-03,-1.1
1.2616e-03,-1.1
1.2624e-03,-1.1
1.2632e-03,-1.1
1.2640e-03,-1.1
1.2648e-03,-1.1
1.2656e-03,-1.1
1.2664e-03,-1.1
1.2672e-03,-1.1
1.2680e-03,-1.1
1.2688e-03,-1.1
1.2696e-03,-1.1
1.2704e-03,-1.1
1.2712e-03,-1.1
1.2720e-03,-1.1
1.2728e-03,-1.1
1.2736e-03,-1.1
1.2744e-03,-1.1
1.2752e-03,-1.1
1.2760e-03,-1.1
1.2768e-03,-1.1
1.2776e-03,-1.1
1.2784e-03,-1.1
1.2792e-03,-1.1
1.2800e-03,-1.1
1.2808e-03,-1.1
1.2816e-03,-1.1
1.2824e-03,-1.1
1.2832e-03,-1.1
1.2840e-03,-1.1
1.2848e-03,-1.1
1.2856e-03,-1.1
1.2864e-03,-1.1
1.2872e-03,-1.1
1.2880e-03,-1.1
1.2888e-03,-1.1
1.2896e-03,-1.1
1.2904e-03,-1.1
1.2912e-03,-1.1
1.2920e-03,-1.1
1.2928e-03,-0.9
1.2936e-03,-1.1
1.2944e-03,-0.9
1.2952e-03,-0.9
1.2960e-03,-0.9
1.2968e-03,-0.9
1.2976e-03,-0.9
1.2984e-03,-1.1
1.2992e-03,-0.9
1.3000e-03,-0.9
1.3008e-03,-0.9
1.3016e-03,-0.9
1.3024e-03,-1.1
1.3032e-03,-1.1
1.3040e-03,-0.9
1.3048e-03,-0.9
1.3056e-03,-1.1
1.3064e-03,-0.9
1.3072e-03,-0.9
1.3080e-03,-0.9
1.3088e-03,-0.9
1.3096e-03,-0.9
1.3104e-03,-0.9
1.3112e-03,-0.9
1.3120e-03,-0.9
1.3128e-03,-0.9
1.3136e-03,-0.9
1.3144e-03,-0.9
1.3152e-03,-0.9
1.3160e-03,-0.9
1.3168e-03,-0.9
1.3176e-03,-0.9
1.3184e-03,-0.9
1.3192e-03,-0.9
1.3200e-03,-0.9
1.3208e-03,-0.9
1.3216e-03,-0.9
1.3224e-03,-0.9
1.3232e-03,-0.9
1.3240e-03,-0.9
1.3248e-03,-0.9
1.3256e-03,-0.9
1.3264e-03,-0.9
1.3272e-03,-0.9
1.3280e-03,-0.9
1.3288e-03,-0.9
1.3296e-03,-0.9
1.3304e-03,-0.9
1.3312e-03,-0.9
1.3320e-03,-0.9
1.3328e-03,-0.9
1.3336e-03,-0.9
1.3344e-03,-0.9
1.3352e-03,-0.9
1.3360e-03,-0.9
1.3368e-03,-0.9
1.3376e-03,-0.9
1.3384e-03,-0.9
1.3392e-03,-0.9
1.3400e-03,-0.9
1.3408e-03,-0.9
1.3416e-03,-0.9
1.3424e-03,-0.9
1.3432e-03,-0.7
1.3440e-03,-0.7
1.3448e-03,-0.9
1.3456e-03,-0.9
1.3464e-03,-0.9
1.3472e-03,-0.7
1.3480e-03,-0.7
1.3488e-03,-0.7
1.3496e-03,-0.9
1.3504e-03,-0.7
1.3512e-03,-0.9
1.3520e-03,-0.7
1.3528e-03,-0.7
1.3536e-03,-0.7
1.3544e-03,-0.7
1.3552e-03,-0.7
1.3560e-03,-0.7
1.3568e-03,-0.9
1.3576e-03,-0.7
1.3584e-03,-0.7
1.3592e-03,-0.7
1.3600e-03,-0.7
1.3608e-03,-0.7
1.3616e-03,-0.7
1.3624e-03,-0.7
1.3632e-03,-0.7
1.3640e-03,-0.7
1.3648e-03,-0.7
1.3656e-03,-0.7
1.3664e-03,-0.7
1.3672e-03,-0.7
1.3680e-03,-0.7
1.3688e-03,-0.7
1.3696e-03,-0.7
1.3704e-03,-0.7
1.3712e-03,-0.7
1.3720e-03,-0.7
1.3728e-03,-0.7
1.3736e-03,-0.7
1.3744e-03,-0.7
1.3752e-03,-0.7
1.3760e-03,-0.7
1.3768e-03,-0.7
1.3776e-03,-0.7
1.3784e-03,-0.7
1.3792e-03,-0.7
1.3800e-03,-0.7
1.3808e-03,-0.7
1.3816e-03,-0.7
1.3824e-03,-0.7
1.3832e-03,-0.7
1.3840e-03,-0.7
1.3848e-03,-0.7
1.3856e-03,-0.7
1.3864e-03,-0.7
1.3872e-03,-0.7
1.3880e-03,-0.7
1.3888e-03,-0.7
1.3896e-03,-0.7
1.3904e-03,-0.7
1.3912e-03,-0.7
1.3920e-03,-0.7
1.3928e-03,-0.7
1.3936e-03,-0.7
1.3944e-03,-0.7
1.3952e-03,-0.7
1.3960e-03,-0.5
1.3968e-03,-0.7
1.3976e-03,-0.5
1.3984e-03,-0.5
1.3992e-03,-0.5
1.4000e-03,-0.5
1.4008e-03,-0.5
1.4016e-03,-0.7
1.4024e-03,-0.7
1.4032e-03,-0.5
1.4040e-03,-0.5
1.4048e-03,-0.5
1.4056e-03,-0.7
1.4064e-03,-0.5
1.4072e-03,-0.5
1.4080e-03,-0.5
1.4088e-03,-0.7
1.4096e-03,-0.5
1.4104e-03,-0.5
1.4112e-03,-0.7
1.4120e-03,-0.5
1.4128e-03,-0.5
1.4136e-03,-0.5
1.4144e-03,-0.5
1.4152e-03,-0.5
1.4160e-03,-0.5
1.4168e-03,-0.5
1.4176e-03,-0.5
1.4184e-03,-0.5
1.4192e-03,-0.5
1.4200e-03,-0.5
1.4208e-03,-0.5
1.4216e-03,-0.5
1.4224e-03,-0.5
1.4232e-03,-0.5
1.4240e-03,-0.5
1.4248e-03,-0.5
1.4256e-03,-0.5
1.4264e-03,-0.5
1.4272e-03,-0.5
1.4280e-03,-0.5
1.4288e-03,-0.5
1.4296e-03,-0.5
1.4304e-03,-0.5
1.4312e-03,-0.5
1.4320e-03,-0.5
1.4328e-03,-0.5
1.4336e-03,-0.5
1.4344e-03,-0.5
1.4352e-03,-0.5
1.4360e-03,-0.5
1.4368e-03,-0.5
1.4376e-03,-0.5
1.4384e-03,-0.5
1.4392e-03,-0.5
1.4400e-03,-0.3
1.4408e-03,-0.5
1.4416e-03,-0.5
1.4424e-03,-0.5
1.4432e-03,-0.5
1.4440e-03,-0.5
1.4448e-03,-0.5
1.4456e-03,-0.3
1.4464e-03,-0.5
1.4472e-03,-0.3
1.4480e-03,-0.5
1.4488e-03,-0.5
1.4496e-03,-0.3
1.4504e-03,-0.3
1.4512e-03,-0.5
1.4520e-03,-0.3
1.4528e-03,-0.3
1.4536e-03,-0.3
1.4544e-03,-0.3
1.4552e-03,-0.5
1.4560e-03,-0.5
1.4568e-03,-0.3
1.4576e-03,-0.3
1.4584e-03,-0.3
1.4592e-03,-0.5
1.4600e-03,-0.5
1.4608e-03,-0.3
1.4616e-03,-0.3
1.4624e-03,-0.3
1.4632e-03,-0.3
1.4640e-03,-0.3
1.4648e-03,-0.3
1.4656e-03,-0.3
1.4664e-03,-0.3
1.4672e-03,-0.3
1.4680e-03,-0.3
1.4688e-03,-0.3
1.4696e-03,-0.3
1.4704e-03,-0.3
1.4712e-03,-0.3
1.4720e-03,-0.3
1.4728e-03,-0.3
1.4736e-03,-0.3
1.4744e-03,-0.3
1.4752e-03,-0.3
1.4760e-03,-0.3
1.4768e-03,-0.3
1.4776e-03,-0.3
1.4784e-03,-0.3
1.4792e-03,-0.3
1.4800e-03,-0.3
1.4808e-03,-0.3
1.4816e-03,-0.3
1.4824e-03,-0.3
1.4832e-03,-0.1
1.4840e-03,-0.3
1.4848e-03,-0.3
1.4856e-03,-0.3
1.4864e-03,-0.3
1.4872e-03,-0.3
1.4880e-03,-0.3
1.4888e-03,-0.3
1.4896e-03,-0.1
1.4904e-03,-0.3
1.4912e-03,-0.3
1.4920e-03,-0.3
1.4928e-03,-0.3
1.4936e-03,-0.3
1.4944e-03,-0.3
1.4952e-03,-0.3
1.4960e-03,-0.1
1.4968e-03,-0.3
1.4976e-03,-0.1
1.4984e-03,-0.1
1.4992e-03,-0.1
1.5000e-03,-0.1
1.5008e-03,-0.3
1.5016e-03,-0.1
1.5024e-03,-0.1
1.5032e-03,-0.3
1.5040e-03,-0.3
1.5048e-03,-0.3
1.5056e-03,-0.1
1.5064e-03,-0.1
1.5072e-03,-0.1
1.5080e-03,-0.1
1.5088e-03,-0.1
1.5096e-03,-0.1
1.5104e-03,-0.1
1.5112e-03,-0.1
1.5120e-03,-0.1
1.5128e-03,-0.1
1.5136e-03,-0.1
1.5144e-03,-0.1
1.5152e-03,-0.1
1.5160e-03,-0.1
1.5168e-03,-0.1
1.5176e-03,-0.1
1.5184e-03,-0.1
1.5192e-03,-0.1
1.5200e-03,-0.1
1.5208e-03,-0.1
1.5216e-03,-0.1
1.5224e-03,-0.1
1.5232e-03,-0.1
1.5240e-03,-0.1
1.5248e-03,-0.1
1.5256e-03,-0.1
1.5264e-03,-0.1
1.5272e-03,-0.1
1.5280e-03,-0.1
1.5288e-03,-0.1
1.5296e-03,-0.1
1.5304e-03,-0.1
1.5312e-03,-0.1
1.5320e-03,-0.1
1.5328e-03,-0.1
1.5336e-03,-0.1
1.5344e-03,-0.1
1.5352e-03,-0.1
1.5360e-03,-0.1
1.5368e-03,-0.1
1.5376e-03,-0.1
1.5384e-03,-0.1
1.5392e-03,-0.1
1.5400e-03,-0.1
1.5408e-03,-0.1
1.5416e-03,-0.1
1.5424e-03,-0.1
1.5432e-03,-0.1
1.5440e-03,-0.1
1.5448e-03,-0.1
1.5456e-03,0.1
1.5464e-03,-0.1
1.5472e-03,-0.1
1.5480e-03,-0.1
1.5488e-03,0.1
1.5496e-03,-0.1
1.5504e-03,-0.1
1.5512e-03,0.1
1.5520e-03,0.1
1.5528e-03,-0.1
1.5536e-03,0.1
1.5544e-03,-0.1
1.5552e-03,0.1
1.5560e-03,0.1
1.5568e-03,-0.1
1.5576e-03,0.1
1.5584e-03,0.1
1.5592e-03,0.1
1.5600e-03,0.1
1.5608e-03,-0.1
1.5616e-03,0.1
1.5624e-03,0.1
1.5632e-03,0.1
1.5640e-03,0.1
1.5648e-03,0.1
1.5656e-03,0.1
1.5664e-03,0.1
1.5672e-03,0.1
1.5680e-03,0.1
1.5688e-03,0.1
1.5696e-03,0.1
1.5704e-03,0.1
1.5712e-03,0.1
1.5720e-03,0.1
1.5728e-03,0.1
1.5736e-03,0.1
1.5744e-03,0.1
1.5752e-03,0.1
1.5760e-03,0.1
1.5768e-03,0.1
1.5776e-03,0.1
1.5784e-03,0.1
1.5792e-03,0.1
1.5800e-03,0.1
1.5808e-03,0.1
1.5816e-03,0.1
1.5824e-03,0.1
1.5832e-03,0.1
1.5840e-03,0.1
1.5848e-03,0.1
1.5856e-03,0.1
1.5864e-03,0.1
1.5872e-03,0.1
1.5880e-03,0.1
1.5888e-03,0.1
1.5896e-03,0.1
1.5904e-03,0.1
1.5912e-03,0.1
1.5920e-03,0.1
1.5928e-03,0.1
1.5936e-03,0.1
1.5944e-03,0.3
1.5952e-03,0.1
1.5960e-03,0.1
1.5968e-03,0.1
1.5976e-03,0.1
1.5984e-03,0.3
1.5992e-03,0.1
1.6000e-03,0.3
1.6008e-03,0.1
1.6016e-03,0.1
1.6024e-03,0.3
1.6032e-03,0.1
1.6040e-03,0.1
1.6048e-03,0.1
1.6056e-03,0.3
1.6064e-03,0.3
1.6072e-03,0.3
1.6080e-03,0.3
1.6088e-03,0.3
1.6096e-03,0.3
1.6104e-03,0.3
1.6112e-03,0.3
1.6120e-03,0.3
1.6128e-03,0.3
1.6136e-03,0.3
1.6144e-03,0.3
1.6152e-03,0.3
1.6160e-03,0.3
1.6168e-03,0.3
1.6176e-03,0.3
1.6184e-03,0.3
1.6192e-03,0.3
1.6200e-03,0.3
1.6208e-03,0.3
1.6216e-03,0.3
1.6224e-03,0.3
1.6232e-03,0.3
1.6240e-03,0.3
1.6248e-03,0.3
1.6256e-03,0.3
1.6264e-03,0.3
1.6272e-03,0.3
1.6280e-03,0.3
1.6288e-03,0.3
1.6296e-03,0.3
1.6304e-03,0.3
1.6312e-03,0.3
1.6320e-03,0.3
1.6328e-03,0.3
1.6336e-03,0.3
1.6344e-03,0.3
1.6352e-03,0.3
1.6360e-03,0.3
1.6368e-03,0.3
1.6376e-03,0.3
1.6384e-03,0.3
1.6392e-03,0.3
1.6400e-03,0.3
1.6408e-03,0.3
1.6416e-03,0.3
1.6424e-03,0.3
1.6432e-03,0.3
1.6440e-03,0.3
1.6448e-03,0.5
1.6456e-03,0.3
1.6464e-03,0.3
1.6472e-03,0.3
1.6480e-03,0.5
1.6488e-03,0.5
1.6496e-03,0.3
1.6504e-03,0.5
1.6512e-03,0.3
1.6520e-03,0.3
1.6528e-03,0.3
1.6536e-03,0.3
1.6544e-03,0.3
1.6552e-03,0.5
1.6560e-03,0.5
1.6568e-03,0.3
1.6576e-03,0.3
1.6584e-03,0.5
1.6592e-03,0.3
1.6600e-03,0.5
1.6608e-03,0.5
1.6616e-03,0.5
1.6624e-03,0.5
1.6632e-03,0.5
1.6640e-03,0.5
1.6648e-03,0.5
1.6656e-03,0.5
1.6664e-03,0.5
1.6672e-03,0.5
1.6680e-03,0.5
1.6688e-03,0.5
1.6696e-03,0.5
1.6704e-03,0.5
1.6712e-03,0.5
1.6720e-03,0.5
1.6728e-03,0.5
1.6736e-03,0.5
1.6744e-03,0.5
1.6752e-03,0.5
1.6760e-03,0.5
1.6768e-03,0.5
1.6776e-03,0.5
1.6784e-03,0.5
1.6792e-03,0.5
1.6800e-03,0.5
1.6808e-03,0.5
1.6816e-03,0.5
1.6824e-03,0.5
1.6832e-03,0.5
1.6840e-03,0.5
1.6848e-03,0.5
1.6856e-03,0.5
1.6864e-03,0.5
1.6872e-03,0.5
1.6880e-03,0.5
1.6888e-03,0.5
1.6896e-03,0.5
1.6904e-03,0.5
1.6912e-03,0.5
1.6920e-03,0.5
1.6928e-03,0.5
1.6936e-03,0.5
1.6944e-03,0.5
1.6952e-03,0.7
1.6960e-03,0.5
1.6968e-03,0.7
1.6976e-03,0.5
1.6984e-03,0.5
1.6992e-03,0.5
1.7000e-03,0.5
1.7008e-03,0.5
1.7016e-03,0.5
1.7024e-03,0.5
1.7032e-03,0.5
1.7040e-03,0.5
1.7048e-03,0.5
1.7056e-03,0.5
1.7064e-03,0.7
1.7072e-03,0.7
1.7080e-03,0.7
1.7088e-03,0.5
1.7096e-03,0.5
1.7104e-03,0.5
1.7112e-03,0.5
1.7120e-03,0.7
1.7128e-03,0.7
1.7136e-03,0.7
1.7144e-03,0.5
1.7152e-03,0.7
1.7160e-03,0.7
1.7168e-03,0.7
1.7176e-03,0.7
1.7184e-03,0.7
1.7192e-03,0.7
1.7200e-03,0.5
1.7208e-03,0.7
1.7216e-03,0.5
1.7224e-03,0.7
1.7232e-03,0.7
1.7240e-03,0.7
1.7248e-03,0.7
1.7256e-03,0.7
1.7264e-03,0.7
1.7272e-03,0.7
1.7280e-03,0.7
1.7288e-03,0.7
1.7296e-03,0.7
1.7304e-03,0.7
1.7312e-03,0.7
1.7320e-03,0.7
1.7328e-03,0.7
1.7336e-03,0.7
1.7344e-03,0.7
1.7352e-03,0.7
1.7360e-03,0.7
1.7368e-03,0.7
1.7376e-03,0.7
1.7384e-03,0.7
1.7392e-03,0.7
1.7400e-03,0.7
1.7408e-03,0.7
1.7416e-03,0.7
1.7424e-03,0.7
1.7432e-03,0.7
1.7440e-03,0.7
1.7448e-03,0.7
1.7456e-03,0.7
1.7464e-03,0.7
1.7472e-03,0.7
1.7480e-03,0.7
1.7488e-03,0.7
1.7496e-03,0.7
1.7504e-03,0.7
1.7512e-03,0.7
1.7520e-03,0.7
1.7528e-03,0.7
1.7536e-03,0.9
1.7544e-03,0.7
1.7552e-03,0.7
1.7560e-03,0.7
1.7568e-03,0.9
1.7576e-03,0.7
1.7584e-03,0.9
1.7592e-03,0.7
1.7600e-03,0.9
1.7608e-03,0.7
1.7616e-03,0.7
1.7624e-03,0.9
1.7632e-03,0.9
1.7640e-03,0.7
1.7648e-03,0.9
1.7656e-03,0.7
1.7664e-03,0.9
1.7672e-03,0.9
1.7680e-03,0.9
1.7688e-03,0.9
1.7696e-03,0.9
1.7704e-03,0.9
1.7712e-03,0.9
1.7720e-03,0.9
1.7728e-03,0.9
1.7736e-03,0.9
1.7744e-03,0.9
1.7752e-03,0.9
1.7760e-03,0.9
1.7768e-03,0.9
1.7776e-03,0.9
1.7784e-03,0.9
1.7792e-03,0.9
1.7800e-03,0.9
1.7808e-03,0.9
1.7816e-03,0.9
1.7824e-03,0.9
1.7832e-03,0.9
1.7840e-03,0.9
1.7848e-03,0.9
1.7856e-03,0.9
1.7864e-03,0.9
1.7872e-03,0.9
1.7880e-03,0.9
1.7888e-03,0.9
1.7896e-03,0.9
1.7904e-03,0.9
1.7912e-03,0.9
1.7920e-03,0.9
1.7928e-03,0.9
1.7936e-03,0.9
1.7944e-03,0.9
1.7952e-03,0.9
1.7960e-03,0.9
1.7968e-03,0.9
1.7976e-03,0.9
1.7984e-03,0.9
1.7992e-03,1.1
1.8000e-03,0.9
1.8008e-03,0.9
1.8016e-03,0.9
1.8024e-03,0.9
1.8032e-03,0.9
1.8040e-03,0.9
1.8048e-03,1.1
1.8056e-03,1.1
1.8064e-03,1.1
1.8072e-03,1.1
1.8080e-03,1.1
1.8088e-03,1.1
1.8096e-03,0.9
1.8104e-03,0.9
1.8112e-03,0.9
1.8120e-03,0.9
1.8128e-03,1.1
1.8136e-03,0.9
1.8144e-03,1.1
1.8152e-03,0.9
1.8160e-03,1.1
1.8168e-03,1.1
1.8176e-03,1.1
1.8184e-03,0.9
1.8192e-03,0.9
1.8200e-03,0.9
1.8208e-03,0.9
1.8216e-03,1.1
1.8224e-03,1.1
1.8232e-03,1.1
1.8240e-03,1.1
1.8248e-03,1.1
1.8256e-03,1.1
1.8264e-03,1.1
1.8272e-03,1.1
1.8280e-03,1.1
1.8288e-03,1.1
1.8296e-03,1.1
1.8304e-03,1.1
1.8312e-03,1.1
1.8320e-03,1.1
1.8328e-03,1.1
1.8336e-03,1.1
1.8344e-03,1.1
1.8352e-03,1.1
1.8360e-03,1.1
1.8368e-03,1.1
1.8376e-03,1.1
1.8384e-03,1.1
1.8392e-03,1.1
1.8400e-03,1.1
1.8408e-03,1.1
1.8416e-03,1.1
1.8424e-03,1.1
1.8432e-03,1.1
1.8440e-03,1.1
1.8448e-03,1.1
1.8456e-03,1.1
1.8464e-03,1.1
1.8472e-03,1.1
1.8480e-03,1.1
1.8488e-03,1.1
1.8496e-03,1.1
1.8504e-03,1.1
1.8512e-03,1.1
1.8520e-03,1.1
1.8528e-03,1.1
1.8536e-03,1.1
1.8544e-03,1.3
1.8552e-03,1.1
1.8560e-03,1.1
1.8568e-03,1.1
1.8576e-03,1.1
1.8584e-03,1.3
1.8592e-03,1.1
1.8600e-03,1.1
1.8608e-03,1.3
1.8616e-03,1.1
1.8624e-03,1.1
1.8632e-03,1.3
1.8640e-03,1.1
1.8648e-03,1.3
1.8656e-03,1.3
1.8664e-03,1.3
1.8672e-03,1.1
1.8680e-03,1.3
1.8688e-03,1.3
1.8696e-03,1.3
1.8704e-03,1.3
1.8712e-03,1.3
1.8720e-03,1.3
1.8728e-03,1.3
1.8736e-03,1.3
1.8744e-03,1.3
1.8752e-03,1.3
1.8760e-03,1.3
1.8768e-03,1.3
1.8776e-03,1.3
1.8784e-03,1.3
1.8792e-03,1.3
1.8800e-03,1.3
1.8808e-03,1.3
1.8816e-03,1.3
1.8824e-03,1.3
1.8832e-03,1.3
1.8840e-03,1.3
1.8848e-03,1.3
1.8856e-03,1.3
1.8864e-03,1.3
1.8872e-03,1.3
1.8880e-03,1.3
1.8888e-03,1.3
1.8896e-03,1.3
1.8904e-03,1.3
1.8912e-03,1.3
1.8920e-03,1.3
1.8928e-03,1.3
1.8936e-03,1.3
1.8944e-03,1.3
1.8952e-03,1.3
1.8960e-03,1.3
1.8968e-03,1.3
1.8976e-03,1.3
1.8984e-03,1.3
1.8992e-03,1.3
1.9000e-03,1.3
1.9008e-03,1.5
1.9016e-03,1.3
1.9024e-03,1.3
1.9032e-03,1.3
1.9040e-03,1.3
1.9048e-03,1.5
1.9056e-03,1.5
1.9064e-03,1.3
1.9072e-03,1.3
1.9080e-03,1.5
1.9088e-03,1.3
1.9096e-03,1.3
1.9104e-03,1.5
1.9112e-03,1.3
1.9120e-03,1.3
1.9128e-03,1.3
1.9136e-03,1.3
1.9144e-03,1.3
1.9152e-03,1.3
1.9160e-03,1.3
1.9168e-03,1.5
1.9176e-03,1.5
1.9184e-03,1.3
1.9192e-03,1.3
1.9200e-03,1.5
1.9208e-03,1.5
1.9216e-03,1.5
1.9224e-03,1.3
1.9232e-03,1.5
1.9240e-03,1.5
1.9248e-03,1.5
1.9256e-03,1.5
1.9264e-03,1.5
1.9272e-03,1.5
1.9280e-03,1.5
1.9288e-03,1.5
1.9296e-03,1.5
1.9304e-03,1.5
1.9312e-03,1.5
1.9320e-03,1.5
1.9328e-03,1.5
1.9336e-03,1.5
1.9344e-03,1.5
1.9352e-03,1.5
1.9360e-03,1.5
1.9368e-03,1.5
1.9376e-03,1.5
1.9384e-03,1.5
1.9392e-03,1.5
1.9400e-03,1.5
1.9408e-03,1.5
1.9416e-03,1.5
1.9424e-03,1.5
1.9432e-03,1.5
1.9440e-03,1.7
1.9448e-03,1.5
1.9456e-03,1.5
1.9464e-03,1.5
1.9472e-03,1.5
1.9480e-03,1.5
1.9488e-03,1.5
1.9496e-03,1.5
1.9504e-03,1.5
1.9512e-03,1.5
1.9520e-03,1.5
1.9528e-03,1.5
1.9536e-03,1.5
1.9544e-03,1.5
1.9552e-03,1.5
1.9560e-03,1.5
1.9568e-03,1.5
1.9576e-03,1.5
1.9584e-03,1.5
1.9592e-03,1.5
1.9600e-03,1.5
1.9608e-03,1.5
1.9616e-03,1.5
1.9624e-03,1.7
1.9632e-03,1.5
1.9640e-03,1.5
1.9648e-03,1.7
1.9656e-03,1.5
1.9664e-03,1.7
1.9672e-03,1.7
1.9680e-03,1.7
1.9688e-03,1.5
1.9696e-03,1.5
1.9704e-03,1.7
1.9712e-03,1.7
1.9720e-03,1.7
1.9728e-03,1.7
1.9736e-03,1.7
1.9744e-03,1.5
1.9752e-03,1.7
1.9760e-03,1.7
1.9768e-03,1.7
1.9776e-03,1.7
1.9784e-03,1.7
1.9792e-03,1.7
1.9800e-03,1.7
1.9808e-03,1.7
1.9816e-03,1.5
1.9824e-03,1.7
1.9832e-03,1.7
1.9840e-03,1.7
1.9848e-03,1.7
1.9856e-03,1.7
1.9864e-03,1.7
1.9872e-03,1.7
1.9880e-03,1.7
1.9888e-03,1.7
1.9896e-03,1.7
1.9904e-03,1.7
1.9912e-03,1.7
1.9920e-03,1.7
1.9928e-03,1.7
1.9936e-03,1.7
1.9944e-03,1.7
1.9952e-03,1.7
1.9960e-03,1.7
1.9968e-03,1.7
1.9976e-03,1.7
1.9984e-03,1.7
1.9992e-03,1.7
2.0000e-03,1.7
2.0008e-03,1.7
2.0016e-03,1.7
2.0024e-03,1.7
2.0032e-03,1.7
2.0040e-03,1.7
2.0048e-03,1.7
2.0056e-03,1.7
2.0064e-03,1.7
2.0072e-03,1.7
2.0080e-03,1.7
2.0088e-03,1.7
2.0096e-03,1.7
2.0104e-03,1.7
2.0112e-03,1.7
2.0120e-03,1.9
2.0128e-03,1.7
2.0136e-03,1.9
2.0144e-03,1.7
2.0152e-03,1.7
2.0160e-03,1.7
2.0168e-03,1.9
2.0176e-03,1.9
2.0184e-03,1.7
2.0192e-03,1.7
2.0200e-03,1.7
2.0208e-03,1.7
2.0216e-03,1.9
2.0224e-03,1.7
2.0232e-03,1.9
2.0240e-03,1.9
2.0248e-03,1.9
2.0256e-03,1.7
2.0264e-03,1.7
2.0272e-03,1.9
2.0280e-03,1.9
2.0288e-03,1.7
2.0296e-03,1.9
2.0304e-03,1.9
2.0312e-03,1.9
2.0320e-03,1.9
2.0328e-03,1.9
2.0336e-03,1.9
2.0344e-03,1.9
2.0352e-03,1.9
2.0360e-03,1.9
2.0368e-03,1.9
2.0376e-03,1.9
2.0384e-03,1.9
2.0392e-03,1.9
2.0400e-03,1.9
2.0408e-03,1.9
2.0416e-03,1.9
2.0424e-03,1.9
2.0432e-03,1.9
2.0440e-03,1.9
2.0448e-03,1.9
2.0456e-03,1.9
2.0464e-03,1.9
2.0472e-03,1.9
2.0480e-03,1.9
2.0488e-03,1.9
2.0496e-03,1.9
2.0504e-03,1.9
2.0512e-03,1.9
2.0520e-03,1.9
2.0528e-03,1.9
2.0536e-03,1.9
2.0544e-03,1.9
2.0552e-03,1.9
2.0560e-03,1.9
2.0568e-03,1.9
2.0576e-03,1.9
2.0584e-03,1.9
2.0592e-03,1.9
2.0600e-03,1.9
2.0608e-03,1.9
2.0616e-03,1.9
2.0624e-03,1.9
2.0632e-03,1.9
2.0640e-03,1.9
2.0648e-03,1.9
2.0656e-03,1.9
2.0664e-03,1.9
2.0672e-03,1.9
2.0680e-03,1.9
2.0688e-03,1.9
2.0696e-03,1.9
2.0704e-03,1.9
2.0712e-03,1.9
2.0720e-03,1.9
2.0728e-03,1.9
2.0736e-03,1.9
2.0744e-03,1.9
2.0752e-03,1.9
2.0760e-03,1.9
2.0768e-03,1.9
2.0776e-03,1.9
2.0784e-03,1.9
2.0792e-03,1.9
2.0800e-03,1.9
2.0808e-03,1.9
2.0816e-03,1.9
2.0824e-03,1.9
2.0832e-03,1.9
2.0840e-03,1.9
2.0848e-03,2.1
2.0856e-03,1.9
2.0864e-03,2.1
2.0872e-03,2.1
2.0880e-03,2.1
2.0888e-03,1.9
2.0896e-03,1.9
2.0904e-03,1.9
2.0912e-03,2.1
2.0920e-03,1.9
2.0928e-03,1.9
2.0936e-03,1.9
2.0944e-03,1.9
2.0952e-03,1.9
2.0960e-03,2.1
2.0968e-03,1.9
2.0976e-03,2.1
2.0984e-03,1.9
2.0992e-03,2.1
2.1000e-03,2.1
2.1008e-03,2.1
2.1016e-03,2.1
2.1024e-03,2.1
2.1032e-03,2.1
2.1040e-03,2.1
2.1048e-03,2.1
2.1056e-03,2.1
2.1064e-03,2.1
2.1072e-03,2.1
2.1080e-03,2.1
2.1088e-03,1.9
2.1096e-03,2.1
2.1104e-03,2.1
2.1112e-03,2.1
2.1120e-03,2.1
2.1128e-03,2.1
2.1136e-03,2.1
2.1144e-03,2.1
2.1152e-03,2.1
2.1160e-03,2.1
2.1168e-03,2.1
2.1176e-03,2.1
2.1184e-03,2.1
2.1192e-03,2.1
2.1200e-03,2.1
2.1208e-03,2.1
2.1216e-03,2.1
2.1224e-03,2.1
2.1232e-03,2.1
2.1240e-03,2.1
2.1248e-03,2.1
2.1256e-03,2.1
2.1264e-03,2.1
2.1272e-03,2.1
2.1280e-03,2.1
2.1288e-03,2.1
2.1296e-03,2.1
2.1304e-03,2.1
2.1312e-03,2.1
2.1320e-03,2.1
2.1328e-03,2.1
2.1336e-03,2.1
2.1344e-03,2.1
2.1352e-03,2.1
2.1360e-03,2.1
2.1368e-03,2.1
2.1376e-03,2.1
2.1384e-03,2.1
2.1392e-03,2.1
2.1400e-03,2.1
2.1408e-03,2.1
2.1416e-03,2.3
2.1424e-03,2.1
2.1432e-03,2.1
2.1440e-03,2.1
2.1448e-03,2.1
2.1456e-03,2.3
2.1464e-03,2.1
2.1472e-03,2.1
2.1480e-03,2.3
2.1488e-03,2.1
2.1496e-03,2.3
2.1504e-03,2.1
2.1512e-03,2.1
2.1520e-03,2.1
2.1528e-03,2.1
2.1536e-03,2.1
2.1544e-03,2.1
2.1552e-03,2.1
2.1560e-03,2.1
2.1568e-03,2.1
2.1576e-03,2.3
2.1584e-03,2.1
2.1592e-03,2.1
2.1600e-03,2.1
2.1608e-03,2.3
2.1616e-03,2.3
2.1624e-03,2.1
2.1632e-03,2.3
2.1640e-03,2.3
2.1648e-03,2.3
2.1656e-03,2.3
2.1664e-03,2.3
2.1672e-03,2.3
2.1680e-03,2.3
2.1688e-03,2.3
2.1696e-03,2.3
2.1704e-03,2.1
2.1712e-03,2.3
2.1720e-03,2.3
2.1728e-03,2.3
2.1736e-03,2.3
2.1744e-03,2.1
2.1752e-03,2.1
2.1760e-03,2.3
2.1768e-03,2.3
2.1776e-03,2.3
2.1784e-03,2.3
2.1792e-03,2.3
2.1800e-03,2.3
2.1808e-03,2.3
2.1816e-03,2.3
2.1824e-03,2.3
2.1832e-03,2.3
2.1840e-03,2.3
2.1848e-03,2.3
2.1856e-03,2.3
2.1864e-03,2.3
2.1872e-03,2.3
2.1880e-03,2.3
2.1888e-03,2.3
2.1896e-03,2.3
2.1904e-03,2.3
2.1912e-03,2.3
2.1920e-03,2.3
2.1928e-03,2.3
2.1936e-03,2.3
2.1944e-03,2.3
2.1952e-03,2.3
2.1960e-03,2.3
2.1968e-03,2.3
2.1976e-03,2.3
2.1984e-03,2.3
2.1992e-03,2.3
2.2000e-03,2.3
2.2008e-03,2.3
2.2016e-03,2.3
2.2024e-03,2.3
2.2032e-03,2.3
2.2040e-03,2.3
2.2048e-03,2.3
2.2056e-03,2.3
2.2064e-03,2.3
2.2072e-03,2.3
2.2080e-03,2.3
2.2088e-03,2.3
2.2096e-03,2.3
2.2104e-03,2.3
2.2112e-03,2.3
2.2120e-03,2.3
2.2128e-03,2.3
2.2136e-03,2.3
2.2144e-03,2.3
2.2152e-03,2.3
2.2160e-03,2.3
2.2168e-03,2.3
2.2176e-03,2.3
2.2184e-03,2.3
2.2192e-03,2.3
2.2200e-03,2.3
2.2208e-03,2.3
2.2216e-03,2.3
2.2224e-03,2.3
2.2232e-03,2.3
2.2240e-03,2.3
2.2248e-03,2.3
2.2256e-03,2.3
2.2264e-03,2.5
2.2272e-03,2.5
2.2280e-03,2.3
2.2288e-03,2.3
2.2296e-03,2.3
2.2304e-03,2.3
2.2312e-03,2.3
2.2320e-03,2.5
2.2328e-03,2.3
2.2336e-03,2.3
2.2344e-03,2.3
2.2352e-03,2.3
2.2360e-03,2.5
2.2368e-03,2.5
2.2376e-03,2.3
2.2384e-03,2.3
2.2392e-03,2.3
2.2400e-03,2.3
2.2408e-03,2.3
2.2416e-03,2.3
2.2424e-03,2.5
2.2432e-03,2.3
2.2440e-03,2.5
2.2448e-03,2.5
2.2456e-03,2.5
2.2464e-03,2.5
2.2472e-03,2.3
2.2480e-03,2.5
2.2488e-03,2.5
2.2496e-03,2.3
2.2504e-03,2.3
2.2512e-03,2.5
2.2520e-03,2.5
2.2528e-03,2.3
2.2536e-03,2.3
2.2544e-03,2.5
2.2552e-03,2.5
2.2560e-03,2.3
2.2568e-03,2.3
2.2576e-03,2.5
2.2584e-03,2.5
2.2592e-03,2.3
2.2600e-03,2.5
2.2608e-03,2.5
2.2616e-03,2.5
2.2624e-03,2.5
2.2632e-03,2.3
2.2640e-03,2.3
2.2648e-03,2.5
2.2656e-03,2.3
2.2664e-03,2.5
2.2672e-03,2.5
2.2680e-03,2.5
2.2688e-03,2.5
2.2696e-03,2.5
2.2704e-03,2.5
2.2712e-03,2.5
2.2720e-03,2.5
2.2728e-03,2.5
2.2736e-03,2.5
2.2744e-03,2.5
2.2752e-03,2.5
2.2760e-03,2.5
2.2768e-03,2.5
2.2776e-03,2.5
2.2784e-03,2.5
2.2792e-03,2.5
2.2800e-03,2.5
2.2808e-03,2.5
2.2816e-03,2.5
2.2824e-03,2.5
2.2832e-03,2.5
2.2840e-03,2.5
2.2848e-03,2.5
2.2856e-03,2.5
2.2864e-03,2.5
2.2872e-03,2.5
2.2880e-03,2.5
2.2888e-03,2.5
2.2896e-03,2.5
2.2904e-03,2.5
2.2912e-03,2.5
2.2920e-03,2.5
2.2928e-03,2.5
2.2936e-03,2.5
2.2944e-03,2.5
2.2952e-03,2.5
2.2960e-03,2.5
2.2968e-03,2.5
2.2976e-03,2.5
2.2984e-03,2.5
2.2992e-03,2.5
2.3000e-03,2.5
2.3008e-03,2.5
2.3016e-03,2.5
2.3024e-03,2.5
2.3032e-03,2.5
2.3040e-03,2.5
2.3048e-03,2.5
2.3056e-03,2.5
2.3064e-03,2.5
2.3072e-03,2.5
2.3080e-03,2.5
2.3088e-03,2.5
2.3096e-03,2.5
2.3104e-03,2.5
2.3112e-03,2.5
2.3120e-03,2.5
2.3128e-03,2.5
2.3136e-03,2.5
2.3144e-03,2.5
2.3152e-03,2.5
2.3160e-03,2.5
2.3168e-03,2.5
2.3176e-03,2.5
2.3184e-03,2.5
2.3192e-03,2.5
2.3200e-03,2.5
2.3208e-03,2.5
2.3216e-03,2.5
2.3224e-03,2.5
2.3232e-03,2.5
2.3240e-03,2.5
2.3248e-03,2.5
2.3256e-03,2.5
2.3264e-03,2.5
2.3272e-03,2.5
2.3280e-03,2.5
2.3288e-03,2.7
2.3296e-03,2.5
2.3304e-03,2.5
2.3312e-03,2.5
2.3320e-03,2.5
2.3328e-03,2.5
2.3336e-03,2.5
2.3344e-03,2.5
2.3352e-03,2.5
2.3360e-03,2.5
2.3368e-03,2.5
2.3376e-03,2.5
2.3384e-03,2.5
2.3392e-03,2.5
2.3400e-03,2.5
2.3408e-03,2.5
2.3416e-03,2.5
2.3424e-03,2.5
2.3432e-03,2.5
2.3440e-03,2.5
2.3448e-03,2.5
2.3456e-03,2.5
2.3464e-03,2.5
2.3472e-03,2.5
2.3480e-03,2.5
2.3488e-03,2.5
2.3496e-03,2.7
2.3504e-03,2.5
2.3512e-03,2.7
2.3520e-03,2.5
2.3528e-03,2.7
2.3536e-03,2.7
2.3544e-03,2.7
2.3552e-03,2.5
2.3560e-03,2.5
2.3568e-03,2.7
2.3576e-03,2.5
2.3584e-03,2.7
2.3592e-03,2.5
2.3600e-03,2.7
2.3608e-03,2.7
2.3616e-03,2.5
2.3624e-03,2.5
2.3632e-03,2.5
2.3640e-03,2.7
2.3648e-03,2.5
2.3656e-03,2.5
2.3664e-03,2.7
2.3672e-03,2.7
2.3680e-03,2.7
2.3688e-03,2.7
2.3696e-03,2.7
2.3704e-03,2.7
2.3712e-03,2.7
2.3720e-03,2.7
2.3728e-03,2.7
2.3736e-03,2.7
2.3744e-03,2.5
2.3752e-03,2.7
2.3760e-03,2.7
2.3768e-03,2.7
2.3776e-03,2.7
2.3784e-03,2.7
2.3792e-03,2.7
2.3800e-03,2.7
2.3808e-03,2.7
2.3816e-03,2.5
2.3824e-03,2.7
2.3832e-03,2.7
2.3840e-03,2.7
2.3848e-03,2.7
2.3856e-03,2.7
2.3864e-03,2.7
2.3872e-03,2.7
2.3880e-03,2.5
2.3888e-03,2.7
2.3896e-03,2.7
2.3904e-03,2.5
2.3912e-03,2.7
2.3920e-03,2.7
2.3928e-03,2.7
2.3936e-03,2.7
2.3944e-03,2.7
2.3952e-03,2.7
2.3960e-03,2.7
2.3968e-03,2.7
2.3976e-03,2.5
2.3984e-03,2.7
2.3992e-03,2.7
2.4000e-03,2.7
2.4008e-03,2.7
2.4016e-03,2.7
2.4024e-03,2.7
2.4032e-03,2.7
2.4040e-03,2.7
2.4048e-03,2.7
2.4056e-03,2.7
2.4064e-03,2.7
2.4072e-03,2.7
2.4080e-03,2.7
2.4088e-03,2.7
2.4096e-03,2.7
2.4104e-03,2.7
2.4112e-03,2.7
2.4120e-03,2.7
2.4128e-03,2.7
2.4136e-03,2.7
2.4144e-03,2.7
2.4152e-03,2.7
2.4160e-03,2.7
2.4168e-03,2.7
2.4176e-03,2.7
2.4184e-03,2.7
2.4192e-03,2.7
2.4200e-03,2.7
2.4208e-03,2.7
2.4216e-03,2.7
2.4224e-03,2.7
2.4232e-03,2.7
2.4240e-03,2.7
2.4248e-03,2.7
2.4256e-03,2.7
2.4264e-03,2.7
2.4272e-03,2.7
2.4280e-03,2.7
2.4288e-03,2.7
2.4296e-03,2.7
2.4304e-03,2.7
2.4312e-03,2.7
2.4320e-03,2.7
2.4328e-03,2.7
2.4336e-03,2.7
2.4344e-03,2.7
2.4352e-03,2.7
2.4360e-03,2.7
2.4368e-03,2.7
2.4376e-03,2.7
2.4384e-03,2.7
2.4392e-03,2.7
2.4400e-03,2.7
2.4408e-03,2.7
2.4416e-03,2.7
2.4424e-03,2.7
2.4432e-03,2.7
2.4440e-03,2.7
2.4448e-03,2.7
2.4456e-03,2.7
2.4464e-03,2.7
2.4472e-03,2.7
2.4480e-03,2.7
2.4488e-03,2.7
2.4496e-03,2.7
2.4504e-03,2.7
2.4512e-03,2.7
2.4520e-03,2.7
2.4528e-03,2.7
2.4536e-03,2.7
2.4544e-03,2.7
2.4552e-03,2.7
2.4560e-03,2.7
2.4568e-03,2.7
2.4576e-03,2.7
2.4584e-03,2.7
2.4592e-03,2.7
2.4600e-03,2.7
2.4608e-03,2.7
2.4616e-03,2.7
2.4624e-03,2.7
2.4632e-03,2.7
2.4640e-03,2.7
2.4648e-03,2.7
2.4656e-03,2.7
2.4664e-03,2.7
2.4672e-03,2.7
2.4680e-03,2.7
2.4688e-03,2.7
2.4696e-03,2.7
2.4704e-03,2.7
2.4712e-03,2.7
2.4720e-03,2.7
2.4728e-03,2.7
2.4736e-03,2.7
2.4744e-03,2.7
2.4752e-03,2.7
2.4760e-03,2.7
2.4768e-03,2.7
2.4776e-03,2.7
2.4784e-03,2.7
2.4792e-03,2.7
2.4800e-03,2.7
2.4808e-03,2.7
2.4816e-03,2.7
2.4824e-03,2.7
2.4832e-03,2.7
2.4840e-03,2.7
2.4848e-03,2.7
2.4856e-03,2.7
2.4864e-03,2.7
2.4872e-03,2.7
2.4880e-03,2.7
2.4888e-03,2.7
2.4896e-03,2.7
2.4904e-03,2.7
2.4912e-03,2.7
2.4920e-03,2.7
2.4928e-03,2.7
2.4936e-03,2.7
2.4944e-03,2.7
2.4952e-03,2.7
2.4960e-03,2.7
2.4968e-03,2.7
2.4976e-03,2.7
2.4984e-03,2.7
2.4992e-03,2.7
2.5000e-03,2.7
2.5008e-03,2.7
2.5016e-03,2.7
2.5024e-03,2.7
2.5032e-03,2.7
2.5040e-03,2.7
2.5048e-03,2.7
2.5056e-03,2.7
2.5064e-03,2.7
2.5072e-03,2.7
2.5080e-03,2.7
2.5088e-03,2.7
2.5096e-03,2.7
2.5104e-03,2.7
2.5112e-03,2.7
2.5120e-03,2.7
2.5128e-03,2.7
2.5136e-03,2.7
2.5144e-03,2.7
2.5152e-03,2.7
2.5160e-03,2.7
2.5168e-03,2.7
2.5176e-03,2.7
2.5184e-03,2.7
2.5192e-03,2.7
2.5200e-03,2.7
2.5208e-03,2.7
2.5216e-03,2.7
2.5224e-03,2.7
2.5232e-03,2.7
2.5240e-03,2.7
2.5248e-03,2.7
2.5256e-03,2.7
2.5264e-03,2.9
2.5272e-03,2.7
2.5280e-03,2.7
2.5288e-03,2.7
2.5296e-03,2.9
2.5304e-03,2.7
2.5312e-03,2.7
2.5320e-03,2.7
2.5328e-03,2.7
2.5336e-03,2.7
2.5344e-03,2.7
2.5352e-03,2.7
2.5360e-03,2.7
2.5368e-03,2.7
2.5376e-03,2.7
2.5384e-03,2.7
2.5392e-03,2.9
2.5400e-03,2.7
2.5408e-03,2.7
2.5416e-03,2.7
2.5424e-03,2.7
2.5432e-03,2.7
2.5440e-03,2.7
2.5448e-03,2.7
2.5456e-03,2.7
2.5464e-03,2.7
2.5472e-03,2.7
2.5480e-03,2.7
2.5488e-03,2.7
2.5496e-03,2.7
2.5504e-03,2.7
2.5512e-03,2.7
2.5520e-03,2.7
2.5528e-03,2.7
2.5536e-03,2.7
2.5544e-03,2.7
2.5552e-03,2.7
2.5560e-03,2.7
2.5568e-03,2.7
2.5576e-03,2.7
2.5584e-03,2.7
2.5592e-03,2.9
2.5600e-03,2.7
2.5608e-03,2.7
2.5616e-03,2.7
2.5624e-03,2.7
2.5632e-03,2.7
2.5640e-03,2.7
2.5648e-03,2.7
2.5656e-03,2.7
2.5664e-03,2.7
2.5672e-03,2.7
2.5680e-03,2.7
2.5688e-03,2.7
2.5696e-03,2.7
2.5704e-03,2.7
2.5712e-03,2.7
2.5720e-03,2.7
2.5728e-03,2.7
2.5736e-03,2.7
2.5744e-03,2.7
2.5752e-03,2.7
2.5760e-03,2.7
2.5768e-03,2.7
2.5776e-03,2.7
2.5784e-03,2.7
2.5792e-03,2.7
2.5800e-03,2.7
2.5808e-03,2.7
2.5816e-03,2.7
2.5824e-03,2.7
2.5832e-03,2.7
2.5840e-03,2.7
2.5848e-03,2.7
2.5856e-03,2.7
2.5864e-03,2.7
2.5872e-03,2.7
2.5880e-03,2.7
2.5888e-03,2.7
2.5896e-03,2.7
2.5904e-03,2.7
2.5912e-03,2.7
2.5920e-03,2.7
2.5928e-03,2.7
2.5936e-03,2.7
2.5944e-03,2.7
2.5952e-03,2.7
2.5960e-03,2.7
2.5968e-03,2.7
2.5976e-03,2.7
2.5984e-03,2.7
2.5992e-03,2.7
2.6000e-03,2.7
2.6008e-03,2.7
2.6016e-03,2.7
2.6024e-03,2.7
2.6032e-03,2.7
2.6040e-03,2.7
2.6048e-03,2.7
2.6056e-03,2.7
2.6064e-03,2.7
2.6072e-03,2.7
2.6080e-03,2.7
2.6088e-03,2.7
2.6096e-03,2.7
2.6104e-03,2.7
2.6112e-03,2.7
2.6120e-03,2.7
2.6128e-03,2.7
2.6136e-03,2.7
2.6144e-03,2.7
2.6152e-03,2.7
2.6160e-03,2.7
2.6168e-03,2.7
2.6176e-03,2.7
2.6184e-03,2.7
2.6192e-03,2.7
2.6200e-03,2.7
2.6208e-03,2.7
2.6216e-03,2.7
2.6224e-03,2.7
2.6232e-03,2.7
2.6240e-03,2.7
2.6248e-03,2.7
2.6256e-03,2.7
2.6264e-03,2.7
2.6272e-03,2.7
2.6280e-03,2.7
2.6288e-03,2.7
2.6296e-03,2.7
2.6304e-03,2.7
2.6312e-03,2.7
2.6320e-03,2.7
2.6328e-03,2.7
2.6336e-03,2.7
2.6344e-03,2.7
2.6352e-03,2.7
2.6360e-03,2.7
2.6368e-03,2.7
2.6376e-03,2.5
2.6384e-03,2.7
2.6392e-03,2.7
2.6400e-03,2.7
2.6408e-03,2.7
2.6416e-03,2.7
2.6424e-03,2.7
2.6432e-03,2.5
2.6440e-03,2.7
2.6448e-03,2.7
2.6456e-03,2.7
2.6464e-03,2.7
2.6472e-03,2.7
2.6480e-03,2.5
2.6488e-03,2.7
2.6496e-03,2.5
2.6504e-03,2.7
2.6512e-03,2.7
2.6520e-03,2.7
2.6528e-03,2.7
2.6536e-03,2.7
2.6544e-03,2.5
2.6552e-03,2.7
2.6560e-03,2.7
2.6568e-03,2.5
2.6576e-03,2.7
2.6584e-03,2.7
2.6592e-03,2.7
2.6600e-03,2.7
2.6608e-03,2.5
2.6616e-03,2.5
2.6624e-03,2.5
2.6632e-03,2.7
2.6640e-03,2.7
2.6648e-03,2.7
2.6656e-03,2.7
2.6664e-03,2.5
2.6672e-03,2.7
2.6680e-03,2.7
2.6688e-03,2.7
2.6696e-03,2.7
2.6704e-03,2.5
2.6712e-03,2.5
2.6720e-03,2.5
2.6728e-03,2.5
2.6736e-03,2.5
2.6744e-03,2.5
2.6752e-03,2.7
2.6760e-03,2.7
2.6768e-03,2.5
2.6776e-03,2.5
2.6784e-03,2.5
2.6792e-03,2.5
2.6800e-03,2.7
2.6808e-03,2.7
2.6816e-03,2.5
2.6824e-03,2.7
2.6832e-03,2.5
2.6840e-03,2.5
2.6848e-03,2.5
2.6856e-03,2.5
2.6864e-03,2.5
2.6872e-03,2.5
2.6880e-03,2.5
2.6888e-03,2.5
2.6896e-03,2.5
2.6904e-03,2.5
2.6912e-03,2.5
2.6920e-03,2.5
2.6928e-03,2.5
2.6936e-03,2.5
2.6944e-03,2.5
2.6952e-03,2.5
2.6960e-03,2.5
2.6968e-03,2.5
2.6976e-03,2.5
2.6984e-03,2.5
2.6992e-03,2.5
2.7000e-03,2.5
2.7008e-03,2.5
2.7016e-03,2.5
2.7024e-03,2.5
2.7032e-03,2.5
2.7040e-03,2.5
2.7048e-03,2.5
2.7056e-03,2.5
2.7064e-03,2.5
2.7072e-03,2.5
2.7080e-03,2.5
2.7088e-03,2.5
2.7096e-03,2.5
2.7104e-03,2.5
2.7112e-03,2.5
2.7120e-03,2.5
2.7128e-03,2.5
2.7136e-03,2.5
2.7144e-03,2.5
2.7152e-03,2.5
2.7160e-03,2.5
2.7168e-03,2.5
2.7176e-03,2.5
2.7184e-03,2.5
2.7192e-03,2.5
2.7200e-03,2.5
2.7208e-03,2.5
2.7216e-03,2.5
2.7224e-03,2.5
2.7232e-03,2.5
2.7240e-03,2.5
2.7248e-03,2.5
2.7256e-03,2.5
2.7264e-03,2.5
2.7272e-03,2.5
2.7280e-03,2.5
2.7288e-03,2.5
2.7296e-03,2.5
2.7304e-03,2.5
2.7312e-03,2.5
2.7320e-03,2.5
2.7328e-03,2.5
2.7336e-03,2.5
2.7344e-03,2.5
2.7352e-03,2.5
2.7360e-03,2.5
2.7368e-03,2.5
2.7376e-03,2.5
2.7384e-03,2.5
2.7392e-03,2.5
2.7400e-03,2.5
2.7408e-03,2.5
2.7416e-03,2.5
2.7424e-03,2.5
2.7432e-03,2.5
2.7440e-03,2.5
2.7448e-03,2.5
2.7456e-03,2.5
2.7464e-03,2.5
2.7472e-03,2.5
2.7480e-03,2.5
2.7488e-03,2.5
2.7496e-03,2.5
2.7504e-03,2.5
2.7512e-03,2.5
2.7520e-03,2.5
2.7528e-03,2.5
2.7536e-03,2.5
2.7544e-03,2.5
2.7552e-03,2.5
2.7560e-03,2.5
2.7568e-03,2.3
2.7576e-03,2.5
2.7584e-03,2.5
2.7592e-03,2.5
2.7600e-03,2.5
2.7608e-03,2.5
2.7616e-03,2.5
2.7624e-03,2.3
2.7632e-03,2.3
2.7640e-03,2.3
2.7648e-03,2.5
2.7656e-03,2.3
2.7664e-03,2.5
2.7672e-03,2.5
2.7680e-03,2.3
2.7688e-03,2.3
2.7696e-03,2.3
2.7704e-03,2.3
2.7712e-03,2.5
2.7720e-03,2.3
2.7728e-03,2.3
2.7736e-03,2.3
2.7744e-03,2.3
2.7752e-03,2.3
2.7760e-03,2.3
2.7768e-03,2.3
2.7776e-03,2.3
2.7784e-03,2.3
2.7792e-03,2.3
2.7800e-03,2.3
2.7808e-03,2.3
2.7816e-03,2.3
2.7824e-03,2.3
2.7832e-03,2.3
2.7840e-03,2.3
2.7848e-03,2.3
2.7856e-03,2.3
2.7864e-03,2.5
2.7872e-03,2.3
2.7880e-03,2.3
2.7888e-03,2.3
2.7896e-03,2.3
2.7904e-03,2.3
2.7912e-03,2.3
2.7920e-03,2.3
2.7928e-03,2.3
2.7936e-03,2.3
2.7944e-03,2.3
2.7952e-03,2.3
2.7960e-03,2.3
2.7968e-03,2.3
2.7976e-03,2.3
2.7984e-03,2.3
2.7992e-03,2.3
2.8000e-03,2.3
2.8008e-03,2.3
2.8016e-03,2.3
2.8024e-03,2.3
2.8032e-03,2.3
2.8040e-03,2.3
2.8048e-03,2.3
2.8056e-03,2.3
2.8064e-03,2.3
2.8072e-03,2.3
2.8080e-03,2.3
2.8088e-03,2.3
2.8096e-03,2.3
2.8104e-03,2.3
2.8112e-03,2.3
2.8120e-03,2.3
2.8128e-03,2.3
2.8136e-03,2.3
2.8144e-03,2.3
2.8152e-03,2.3
2.8160e-03,2.3
2.8168e-03,2.3
2.8176e-03,2.3
2.8184e-03,2.3
2.8192e-03,2.3
2.8200e-03,2.3
2.8208e-03,2.3
2.8216e-03,2.3
2.8224e-03,2.3
2.8232e-03,2.3
2.8240e-03,2.3
2.8248e-03,2.3
2.8256e-03,2.3
2.8264e-03,2.3
2.8272e-03,2.3
2.8280e-03,2.3
2.8288e-03,2.3
2.8296e-03,2.3
2.8304e-03,2.3
2.8312e-03,2.3
2.8320e-03,2.3
2.8328e-03,2.3
2.8336e-03,2.3
2.8344e-03,2.3
2.8352e-03,2.3
2.8360e-03,2.3
2.8368e-03,2.3
2.8376e-03,2.3
2.8384e-03,2.3
2.8392e-03,2.3
2.8400e-03,2.3
2.8408e-03,2.3
2.8416e-03,2.3
2.8424e-03,2.1
2.8432e-03,2.3
2.8440e-03,2.3
2.8448e-03,2.3
2.8456e-03,2.3
2.8464e-03,2.3
2.8472e-03,2.3
2.8480e-03,2.1
2.8488e-03,2.3
2.8496e-03,2.3
2.8504e-03,2.1
2.8512e-03,2.1
2.8520e-03,2.3
2.8528e-03,2.3
2.8536e-03,2.1
2.8544e-03,2.1
2.8552e-03,2.1
2.8560e-03,2.3
2.8568e-03,2.3
2.8576e-03,2.1
2.8584e-03,2.1
2.8592e-03,2.1
2.8600e-03,2.1
2.8608e-03,2.1
2.8616e-03,2.3
2.8624e-03,2.1
2.8632e-03,2.1
2.8640e-03,2.1
2.8648e-03,2.1
2.8656e-03,2.1
2.8664e-03,2.1
2.8672e-03,2.1
2.8680e-03,2.1
2.8688e-03,2.1
2.8696e-03,2.1
2.8704e-03,2.1
2.8712e-03,2.1
2.8720e-03,2.1
2.8728e-03,2.1
2.8736e-03,2.1
2.8744e-03,2.1
2.8752e-03,2.1
2.8760e-03,2.1
2.8768e-03,2.1
2.8776e-03,2.1
2.8784e-03,2.1
2.8792e-03,2.1
2.8800e-03,2.1
2.8808e-03,2.1
2.8816e-03,2.1
2.8824e-03,2.1
2.8832e-03,2.1
2.8840e-03,2.1
2.8848e-03,2.1
2.8856e-03,2.1
2.8864e-03,2.1
2.8872e-03,2.1
2.8880e-03,2.1
2.8888e-03,2.1
2.8896e-03,2.1
2.8904e-03,2.1
2.8912e-03,2.1
2.8920e-03,2.1
2.8928e-03,2.1
2.8936e-03,2.1
2.8944e-03,2.1
2.8952e-03,2.1
2.8960e-03,2.1
2.8968e-03,2.1
2.8976e-03,2.1
2.8984e-03,2.1
2.8992e-03,2.1
2.9000e-03,2.1
2.9008e-03,2.1
2.9016e-03,2.1
2.9024e-03,2.1
2.9032e-03,2.1
2.9040e-03,2.1
2.9048e-03,2.1
2.9056e-03,2.1
2.9064e-03,2.1
2.9072e-03,2.1
2.9080e-03,2.1
2.9088e-03,2.1
2.9096e-03,2.1
2.9104e-03,2.1
2.9112e-03,2.1
2.9120e-03,2.1
2.9128e-03,2.1
2.9136e-03,1.9
2.9144e-03,1.9
2.9152e-03,2.1
2.9160e-03,1.9
2.9168e-03,1.9
2.9176e-03,2.1
2.9184e-03,1.9
2.9192e-03,1.9
2.9200e-03,2.1
2.9208e-03,1.9
2.9216e-03,2.1
2.9224e-03,1.9
2.9232e-03,1.9
2.9240e-03,2.1
2.9248e-03,2.1
2.9256e-03,1.9
2.9264e-03,1.9
2.9272e-03,1.9
2.9280e-03,1.9
2.9288e-03,1.9
2.9296e-03,1.9
2.9304e-03,1.9
2.9312e-03,1.9
2.9320e-03,1.9
2.9328e-03,1.9
2.9336e-03,1.9
2.9344e-03,1.9
2.9352e-03,1.9
2.9360e-03,1.9
2.9368e-03,1.9
2.9376e-03,1.9
2.9384e-03,1.9
2.9392e-03,1.9
2.9400e-03,1.9
2.9408e-03,1.9
2.9416e-03,1.9
2.9424e-03,1.9
2.9432e-03,1.9
2.9440e-03,1.9
2.9448e-03,1.9
2.9456e-03,1.9
2.9464e-03,1.9
2.9472e-03,1.9
2.9480e-03,1.9
2.9488e-03,1.9
2.9496e-03,1.9
2.9504e-03,1.9
2.9512e-03,1.9
2.9520e-03,1.9
2.9528e-03,1.9
2.9536e-03,1.9
2.9544e-03,1.9
2.9552e-03,1.9
2.9560e-03,1.9
2.9568e-03,1.9
2.9576e-03,1.9
2.9584e-03,1.9
2.9592e-03,1.9
2.9600e-03,1.9
2.9608e-03,1.9
2.9616e-03,1.9
2.9624e-03,1.9
2.9632e-03,1.9
2.9640e-03,1.9
2.9648e-03,1.9
2.9656e-03,1.9
2.9664e-03,1.9
2.9672e-03,1.9
2.9680e-03,1.9
2.9688e-03,1.9
2.9696e-03,1.9
2.9704e-03,1.7
2.9712e-03,1.9
2.9720e-03,1.9
2.9728e-03,1.9
2.9736e-03,1.9
2.9744e-03,1.9
2.9752e-03,1.9
2.9760e-03,1.9
2.9768e-03,1.9
2.9776e-03,1.9
2.9784e-03,1.9
2.9792e-03,1.9
2.9800e-03,1.9
2.9808e-03,1.9
2.9816e-03,1.9
2.9824e-03,1.9
2.9832e-03,1.7
2.9840e-03,1.9
2.9848e-03,1.9
2.9856e-03,1.7
2.9864e-03,1.9
2.9872e-03,1.7
2.9880e-03,1.9
2.9888e-03,1.9
2.9896e-03,1.7
2.9904e-03,1.7
2.9912e-03,1.7
2.9920e-03,1.7
2.9928e-03,1.9
2.9936e-03,1.9
2.9944e-03,1.7
2.9952e-03,1.9
2.9960e-03,1.7
2.9968e-03,1.7
2.9976e-03,1.7
2.9984e-03,1.9
2.9992e-03,1.9
3.0000e-03,1.7
3.0008e-03,1.7
3.0016e-03,1.7
3.0024e-03,1.7
3.0032e-03,1.7
3.0040e-03,1.7
3.0048e-03,1.7
3.0056e-03,1.7
3.0064e-03,1.9
3.0072e-03,1.7
3.0080e-03,1.7
3.0088e-03,1.7
3.0096e-03,1.7
3.0104e-03,1.7
3.0112e-03,1.7
3.0120e-03,1.7
3.0128e-03,1.7
3.0136e-03,1.7
3.0144e-03,1.7
3.0152e-03,1.7
3.0160e-03,1.7
3.0168e-03,1.7
3.0176e-03,1.7
3.0184e-03,1.7
3.0192e-03,1.7
3.0200e-03,1.7
3.0208e-03,1.7
3.0216e-03,1.7
3.0224e-03,1.7
3.0232e-03,1.7
3.0240e-03,1.7
3.0248e-03,1.7
3.0256e-03,1.7
3.0264e-03,1.7
3.0272e-03,1.7
3.0280e-03,1.7
3.0288e-03,1.7
3.0296e-03,1.7
3.0304e-03,1.7
3.0312e-03,1.7
3.0320e-03,1.7
3.0328e-03,1.7
3.0336e-03,1.7
3.0344e-03,1.7
3.0352e-03,1.7
3.0360e-03,1.7
3.0368e-03,1.7
3.0376e-03,1.7
3.0384e-03,1.7
3.0392e-03,1.7
3.0400e-03,1.5
3.0408e-03,1.7
3.0416e-03,1.7
3.0424e-03,1.5
3.0432e-03,1.7
3.0440e-03,1.5
3.0448e-03,1.5
3.0456e-03,1.5
3.0464e-03,1.7
3.0472e-03,1.5
3.0480e-03,1.7
3.0488e-03,1.7
3.0496e-03,1.7
3.0504e-03,1.7
3.0512e-03,1.5
3.0520e-03,1.5
3.0528e-03,1.5
3.0536e-03,1.5
3.0544e-03,1.5
3.0552e-03,1.5
3.0560e-03,1.5
3.0568e-03,1.5
3.0576e-03,1.5
3.0584e-03,1.5
3.0592e-03,1.5
3.0600e-03,1.5
3.0608e-03,1.5
3.0616e-03,1.5
3.0624e-03,1.5
3.0632e-03,1.5
3.0640e-03,1.5
3.0648e-03,1.5
3.0656e-03,1.5
3.0664e-03,1.5
3.0672e-03,1.5
3.0680e-03,1.5
3.0688e-03,1.5
3.0696e-03,1.5
3.0704e-03,1.5
3.0712e-03,1.5
3.0720e-03,1.5
3.0728e-03,1.5
3.0736e-03,1.5
3.0744e-03,1.5
3.0752e-03,1.3
3.0760e-03,1.5
3.0768e-03,1.5
3.0776e-03,1.5
3.0784e-03,1.5
3.0792e-03,1.5
3.0800e-03,1.5
3.0808e-03,1.3
3.0816e-03,1.5
3.0824e-03,1.5
3.0832e-03,1.3
3.0840e-03,1.3
3.0848e-03,1.3
3.0856e-03,1.5
3.0864e-03,1.3
3.0872e-03,1.3
3.0880e-03,1.3
3.0888e-03,1.3
3.0896e-03,1.3
3.0904e-03,1.3
3.0912e-03,1.5
3.0920e-03,1.3
3.0928e-03,1.5
3.0936e-03,1.3
3.0944e-03,1.5
3.0952e-03,1.3
3.0960e-03,1.5
3.0968e-03,1.3
3.0976e-03,1.3
3.0984e-03,1.3
3.0992e-03,1.3
3.1000e-03,1.3
3.1008e-03,1.3
3.1016e-03,1.3
3.1024e-03,1.3
3.1032e-03,1.3
3.1040e-03,1.5
3.1048e-03,1.3
3.1056e-03,1.3
3.1064e-03,1.3
3.1072e-03,1.5
3.1080e-03,1.3
3.1088e-03,1.3
3.1096e-03,1.3
3.1104e-03,1.3
3.1112e-03,1.3
3.1120e-03,1.3
3.1128e-03,1.3
3.1136e-03,1.3
3.1144e-03,1.3
3.1152e-03,1.3
3.1160e-03,1.3
3.1168e-03,1.5
3.1176e-03,1.3
3.1184e-03,1.3
3.1192e-03,1.3
3.1200e-03,1.3
3.1208e-03,1.3
3.1216e-03,1.3
3.1224e-03,1.3
3.1232e-03,1.3
3.1240e-03,1.3
3.1248e-03,1.3
3.1256e-03,1.3
3.1264e-03,1.3
3.1272e-03,1.3
3.1280e-03,1.3
3.1288e-03,1.3
3.1296e-03,1.1
3.1304e-03,1.3
3.1312e-03,1.3
3.1320e-03,1.3
3.1328e-03,1.3
3.1336e-03,1.3
3.1344e-03,1.3
3.1352e-03,1.3
3.1360e-03,1.3
3.1368e-03,1.3
3.1376e-03,1.3
3.1384e-03,1.3
3.1392e-03,1.3
3.1400e-03,1.3
3.1408e-03,1.3
3.1416e-03,1.1
3.1424e-03,1.1
3.1432e-03,1.1
3.1440e-03,1.1
3.1448e-03,1.1
3.1456e-03,1.1
3.1464e-03,1.1
3.1472e-03,1.1
3.1480e-03,1.1
3.1488e-03,1.1
3.1496e-03,1.3
3.1504e-03,1.1
3.1512e-03,1.3
3.1520e-03,1.1
3.1528e-03,1.1
3.1536e-03,1.1
3.1544e-03,1.1
3.1552e-03,1.3
3.1560e-03,1.3
3.1568e-03,1.1
3.1576e-03,1.1
3.1584e-03,1.1
3.1592e-03,1.1
3.1600e-03,1.1
3.1608e-03,1.1
3.1616e-03,1.1
3.1624e-03,1.1
3.1632e-03,1.1
3.1640e-03,1.1
3.1648e-03,1.1
3.1656e-03,1.1
3.1664e-03,1.1
3.1672e-03,1.1
3.1680e-03,1.1
3.1688e-03,1.1
3.1696e-03,1.1
3.1704e-03,1.1
3.1712e-03,1.1
3.1720e-03,1.1
3.1728e-03,1.1
3.1736e-03,1.1
3.1744e-03,1.1
3.1752e-03,1.1
3.1760e-03,1.1
3.1768e-03,1.1
3.1776e-03,1.1
3.1784e-03,1.1
3.1792e-03,1.1
3.1800e-03,0.9
3.1808e-03,1.1
3.1816e-03,1.1
3.1824e-03,1.1
3.1832e-03,1.1
3.1840e-03,1.1
3.1848e-03,1.1
3.1856e-03,1.1
3.1864e-03,0.9
3.1872e-03,1.1
3.1880e-03,1.1
3.1888e-03,1.1
3.1896e-03,1.1
3.1904e-03,1.1
3.1912e-03,0.9
3.1920e-03,1.1
3.1928e-03,1.1
3.1936e-03,1.1
3.1944e-03,1.1
3.1952e-03,1.1
3.1960e-03,1.1
3.1968e-03,0.9
3.1976e-03,1.1
3.1984e-03,1.1
3.1992e-03,1.1
3.2000e-03,1.1
3.2008e-03,0.9
3.2016e-03,0.9
3.2024e-03,0.9
3.2032e-03,0.9
3.2040e-03,0.9
3.2048e-03,0.9
3.2056e-03,0.9
3.2064e-03,0.9
3.2072e-03,1.1
3.2080e-03,1.1
3.2088e-03,0.9
3.2096e-03,0.9
3.2104e-03,0.9
3.2112e-03,0.9
3.2120e-03,0.9
3.2128e-03,0.9
3.2136e-03,0.9
3.2144e-03,0.9
3.2152e-03,1.1
3.2160e-03,0.9
3.2168e-03,0.9
3.2176e-03,0.9
3.2184e-03,0.9
3.2192e-03,0.9
3.2200e-03,0.9
3.2208e-03,0.9
3.2216e-03,0.9
3.2224e-03,0.9
3.2232e-03,0.9
3.2240e-03,0.9
3.2248e-03,0.9
3.2256e-03,0.9
3.2264e-03,0.9
3.2272e-03,0.9
3.2280e-03,0.9
3.2288e-03,0.9
3.2296e-03,0.9
3.2304e-03,0.9
3.2312e-03,0.7
3.2320e-03,0.9
3.2328e-03,0.9
3.2336e-03,0.9
3.2344e-03,0.9
3.2352e-03,0.9
3.2360e-03,0.9
3.2368e-03,0.9
3.2376e-03,0.9
3.2384e-03,0.9
3.2392e-03,0.9
3.2400e-03,0.9
3.2408e-03,0.7
3.2416e-03,0.7
3.2424e-03,0.7
3.2432e-03,0.9
3.2440e-03,0.9
3.2448e-03,0.9
3.2456e-03,0.9
3.2464e-03,0.9
3.2472e-03,0.9
3.2480e-03,0.9
3.2488e-03,0.9
3.2496e-03,0.7
3.2504e-03,0.9
3.2512e-03,0.9
3.2520e-03,0.7
3.2528e-03,0.7
3.2536e-03,0.7
3.2544e-03,0.7
3.2552e-03,0.9
3.2560e-03,0.7
3.2568e-03,0.7
3.2576e-03,0.7
3.2584e-03,0.7
3.2592e-03,0.7
3.2600e-03,0.7
3.2608e-03,0.7
3.2616e-03,0.7
3.2624e-03,0.7
3.2632e-03,0.7
3.2640e-03,0.7
3.2648e-03,0.7
3.2656e-03,0.7
3.2664e-03,0.7
3.2672e-03,0.7
3.2680e-03,0.7
3.2688e-03,0.7
3.2696e-03,0.7
3.2704e-03,0.7
3.2712e-03,0.7
3.2720e-03,0.7
3.2728e-03,0.7
3.2736e-03,0.7
3.2744e-03,0.7
3.2752e-03,0.7
3.2760e-03,0.7
3.2768e-03,0.7
3.2776e-03,0.7
3.2784e-03,0.7
3.2792e-03,0.7
3.2800e-03,0.7
3.2808e-03,0.7
3.2816e-03,0.7
3.2824e-03,0.7
3.2832e-03,0.7
3.2840e-03,0.7
3.2848e-03,0.7
3.2856e-03,0.7
3.2864e-03,0.7
3.2872e-03,0.7
3.2880e-03,0.7
3.2888e-03,0.7
3.2896e-03,0.7
3.2904e-03,0.7
3.2912e-03,0.7
3.2920e-03,0.7
3.2928e-03,0.7
3.2936e-03,0.7
3.2944e-03,0.7
3.2952e-03,0.7
3.2960e-03,0.7
3.2968e-03,0.5
3.2976e-03,0.7
3.2984e-03,0.7
3.2992e-03,0.7
3.3000e-03,0.7
3.3008e-03,0.7
3.3016e-03,0.7
3.3024e-03,0.7
3.3032e-03,0.7
3.3040e-03,0.7
3.3048e-03,0.7
3.3056e-03,0.7
3.3064e-03,0.7
3.3072e-03,0.5
3.3080e-03,0.7
3.3088e-03,0.7
3.3096e-03,0.5
3.3104e-03,0.5
3.3112e-03,0.5
3.3120e-03,0.7
3.3128e-03,0.5
3.3136e-03,0.5
3.3144e-03,0.5
3.3152e-03,0.5
3.3160e-03,0.5
3.3168e-03,0.5
3.3176e-03,0.5
3.3184e-03,0.5
3.3192e-03,0.5
3.3200e-03,0.5
3.3208e-03,0.5
3.3216e-03,0.5
3.3224e-03,0.5
3.3232e-03,0.5
3.3240e-03,0.5
3.3248e-03,0.5
3.3256e-03,0.5
3.3264e-03,0.5
3.3272e-03,0.5
3.3280e-03,0.5
3.3288e-03,0.5
3.3296e-03,0.5
3.3304e-03,0.5
3.3312e-03,0.5
3.3320e-03,0.5
3.3328e-03,0.5
3.3336e-03,0.5
3.3344e-03,0.5
3.3352e-03,0.5
3.3360e-03,0.5
3.3368e-03,0.5
3.3376e-03,0.5
3.3384e-03,0.5
3.3392e-03,0.5
3.3400e-03,0.5
3.3408e-03,0.5
3.3416e-03,0.5
3.3424e-03,0.5
3.3432e-03,0.5
3.3440e-03,0.5
3.3448e-03,0.5
3.3456e-03,0.5
3.3464e-03,0.5
3.3472e-03,0.3
3.3480e-03,0.5
3.3488e-03,0.3
3.3496e-03,0.5
3.3504e-03,0.5
3.3512e-03,0.5
3.3520e-03,0.5
3.3528e-03,0.5
3.3536e-03,0.5
3.3544e-03,0.3
3.3552e-03,0.3
3.3560e-03,0.5
3.3568e-03,0.3
3.3576e-03,0.3
3.3584e-03,0.3
3.3592e-03,0.3
3.3600e-03,0.5
3.3608e-03,0.3
3.3616e-03,0.3
3.3624e-03,0.3
3.3632e-03,0.3
3.3640e-03,0.3
3.3648e-03,0.3
3.3656e-03,0.3
3.3664e-03,0.3
3.3672e-03,0.3
3.3680e-03,0.3
3.3688e-03,0.3
3.3696e-03,0.3
3.3704e-03,0.3
3.3712e-03,0.5
3.3720e-03,0.3
3.3728e-03,0.3
3.3736e-03,0.3
3.3744e-03,0.3
3.3752e-03,0.3
3.3760e-03,0.3
3.3768e-03,0.3
3.3776e-03,0.3
3.3784e-03,0.3
3.3792e-03,0.3
3.3800e-03,0.3
3.3808e-03,0.3
3.3816e-03,0.3
3.3824e-03,0.3
3.3832e-03,0.3
3.3840e-03,0.3
3.3848e-03,0.3
3.3856e-03,0.3
3.3864e-03,0.3
3.3872e-03,0.3
3.3880e-03,0.3
3.3888e-03,0.3
3.3896e-03,0.3
3.3904e-03,0.3
3.3912e-03,0.3
3.3920e-03,0.3
3.3928e-03,0.3
3.3936e-03,0.3
3.3944e-03,0.3
3.3952e-03,0.3
3.3960e-03,0.1
3.3968e-03,0.3
3.3976e-03,0.3
3.3984e-03,0.3
3.3992e-03,0.1
3.4000e-03,0.3
3.4008e-03,0.3
3.4016e-03,0.3
3.4024e-03,0.3
3.4032e-03,0.3
3.4040e-03,0.1
3.4048e-03,0.1
3.4056e-03,0.3
3.4064e-03,0.3
3.4072e-03,0.3
3.4080e-03,0.3
3.4088e-03,0.3
3.4096e-03,0.3
3.4104e-03,0.3
3.4112e-03,0.3
3.4120e-03,0.1
3.4128e-03,0.1
3.4136e-03,0.1
3.4144e-03,0.3
3.4152e-03,0.3
3.4160e-03,0.1
3.4168e-03,0.1
3.4176e-03,0.1
3.4184e-03,0.1
3.4192e-03,0.3
3.4200e-03,0.1
3.4208e-03,0.1
3.4216e-03,0.1
3.4224e-03,0.1
3.4232e-03,0.1
3.4240e-03,0.1
3.4248e-03,0.1
3.4256e-03,0.1
3.4264e-03,0.1
3.4272e-03,0.1
3.4280e-03,0.1
3.4288e-03,0.1
3.4296e-03,0.1
3.4304e-03,0.1
3.4312e-03,0.1
3.4320e-03,0.1
3.4328e-03,0.1
3.4336e-03,0.1
3.4344e-03,0.1
3.4352e-03,0.1
3.4360e-03,0.1
3.4368e-03,0.1
3.4376e-03,0.1
3.4384e-03,0.1
3.4392e-03,0.1
3.4400e-03,0.1
3.4408e-03,0.1
3.4416e-03,0.1
3.4424e-03,0.1
3.4432e-03,0.1
3.4440e-03,0.1
3.4448e-03,0.1
3.4456e-03,0.1
3.4464e-03,0.1
3.4472e-03,0.1
3.4480e-03,0.1
3.4488e-03,0.1
3.4496e-03,0.1
3.4504e-03,0.1
3.4512e-03,0.1
3.4520e-03,0.1
3.4528e-03,0.1
3.4536e-03,0.1
3.4544e-03,0.1
3.4552e-03,0.1
3.4560e-03,0.1
3.4568e-03,-0.1
3.4576e-03,0.1
3.4584e-03,-0.1
3.4592e-03,0.1
3.4600e-03,0.1
3.4608e-03,0.1
3.4616e-03,0.1
3.4624e-03,0.1
3.4632e-03,0.1
3.4640e-03,0.1
3.4648e-03,0.1
3.4656e-03,0.1
3.4664e-03,0.1
3.4672e-03,-0.1
3.4680e-03,-0.1
3.4688e-03,-0.1
3.4696e-03,0.1
3.4704e-03,0.1
3.4712e-03,-0.1
3.4720e-03,-0.1
3.4728e-03,0.1
3.4736e-03,-0.1
3.4744e-03,0.1
3.4752e-03,0.1
3.4760e-03,0.1
3.4768e-03,-0.1
3.4776e-03,-0.1
3.4784e-03,-0.1
3.4792e-03,-0.1
3.4800e-03,-0.1
3.4808e-03,-0.1
3.4816e-03,-0.1
3.4824e-03,-0.1
3.4832e-03,-0.1
3.4840e-03,-0.1
3.4848e-03,-0.1
3.4856e-03,-0.1
3.4864e-03,-0.1
3.4872e-03,-0.1
3.4880e-03,-0.1
3.4888e-03,-0.1
3.4896e-03,-0.1
3.4904e-03,-0.1
3.4912e-03,-0.1
3.4920e-03,-0.1
3.4928e-03,-0.1
3.4936e-03,-0.1
3.4944e-03,-0.1
3.4952e-03,-0.1
3.4960e-03,-0.1
3.4968e-03,-0.1
3.4976e-03,-0.1
3.4984e-03,-0.1
3.4992e-03,-0.1
3.5000e-03,-0.1
3.5008e-03,-0.1
3.5016e-03,-0.1
3.5024e-03,-0.1
3.5032e-03,-0.1
3.5040e-03,-0.1
3.5048e-03,-0.1
3.5056e-03,-0.1
3.5064e-03,-0.1
3.5072e-03,-0.1
3.5080e-03,-0.3
3.5088e-03,-0.3
3.5096e-03,-0.1
3.5104e-03,-0.1
3.5112e-03,-0.1
3.5120e-03,-0.1
3.5128e-03,-0.3
3.5136e-03,-0.3
3.5144e-03,-0.3
3.5152e-03,-0.1
3.5160e-03,-0.1
3.5168e-03,-0.1
3.5176e-03,-0.1
3.5184e-03,-0.1
3.5192e-03,-0.1
3.5200e-03,-0.3
3.5208e-03,-0.3
3.5216e-03,-0.3
3.5224e-03,-0.1
3.5232e-03,-0.3
3.5240e-03,-0.1
3.5248e-03,-0.3
3.5256e-03,-0.3
3.5264e-03,-0.1
3.5272e-03,-0.1
3.5280e-03,-0.3
3.5288e-03,-0.3
3.5296e-03,-0.3
3.5304e-03,-0.3
3.5312e-03,-0.3
3.5320e-03,-0.3
3.5328e-03,-0.1
3.5336e-03,-0.3
3.5344e-03,-0.3
3.5352e-03,-0.3
3.5360e-03,-0.3
3.5368e-03,-0.3
3.5376e-03,-0.3
3.5384e-03,-0.3
3.5392e-03,-0.3
3.5400e-03,-0.3
3.5408e-03,-0.3
3.5416e-03,-0.3
3.5424e-03,-0.3
3.5432e-03,-0.3
3.5440e-03,-0.3
3.5448e-03,-0.3
3.5456e-03,-0.3
3.5464e-03,-0.3
3.5472e-03,-0.3
3.5480e-03,-0.3
3.5488e-03,-0.3
3.5496e-03,-0.3
3.5504e-03,-0.3
3.5512e-03,-0.3
3.5520e-03,-0.3
3.5528e-03,-0.3
3.5536e-03,-0.3
3.5544e-03,-0.3
3.5552e-03,-0.5
3.5560e-03,-0.3
3.5568e-03,-0.3
3.5576e-03,-0.3
3.5584e-03,-0.3
3.5592e-03,-0.3
3.5600e-03,-0.3
3.5608e-03,-0.3
3.5616e-03,-0.3
3.5624e-03,-0.3
3.5632e-03,-0.3
3.5640e-03,-0.3
3.5648e-03,-0.3
3.5656e-03,-0.3
3.5664e-03,-0.3
3.5672e-03,-0.3
3.5680e-03,-0.3
3.5688e-03,-0.3
3.5696e-03,-0.5
3.5704e-03,-0.5
3.5712e-03,-0.3
3.5720e-03,-0.5
3.5728e-03,-0.5
3.5736e-03,-0.3
3.5744e-03,-0.3
3.5752e-03,-0.5
3.5760e-03,-0.5
3.5768e-03,-0.5
3.5776e-03,-0.5
3.5784e-03,-0.5
3.5792e-03,-0.5
3.5800e-03,-0.3
3.5808e-03,-0.3
3.5816e-03,-0.5
3.5824e-03,-0.3
3.5832e-03,-0.3
3.5840e-03,-0.5
3.5848e-03,-0.5
3.5856e-03,-0.3
3.5864e-03,-0.3
3.5872e-03,-0.5
3.5880e-03,-0.5
3.5888e-03,-0.5
3.5896e-03,-0.5
3.5904e-03,-0.5
3.5912e-03,-0.5
3.5920e-03,-0.5
3.5928e-03,-0.5
3.5936e-03,-0.5
3.5944e-03,-0.5
3.5952e-03,-0.5
3.5960e-03,-0.5
3.5968e-03,-0.5
3.5976e-03,-0.5
3.5984e-03,-0.5
3.5992e-03,-0.5
3.6000e-03,-0.5
3.6008e-03,-0.5
3.6016e-03,-0.5
3.6024e-03,-0.5
3.6032e-03,-0.5
3.6040e-03,-0.5
3.6048e-03,-0.5
3.6056e-03,-0.5
3.6064e-03,-0.5
3.6072e-03,-0.5
3.6080e-03,-0.5
3.6088e-03,-0.5
3.6096e-03,-0.5
3.6104e-03,-0.5
3.6112e-03,-0.5
3.6120e-03,-0.5
3.6128e-03,-0.5
3.6136e-03,-0.5
3.6144e-03,-0.5
3.6152e-03,-0.5
3.6160e-03,-0.5
3.6168e-03,-0.5
3.6176e-03,-0.5
3.6184e-03,-0.5
3.6192e-03,-0.5
3.6200e-03,-0.5
3.6208e-03,-0.5
3.6216e-03,-0.5
3.6224e-03,-0.5
3.6232e-03,-0.5
3.6240e-03,-0.5
3.6248e-03,-0.5
3.6256e-03,-0.5
3.6264e-03,-0.5
3.6272e-03,-0.5
3.6280e-03,-0.5
3.6288e-03,-0.7
3.6296e-03,-0.5
3.6304e-03,-0.7
3.6312e-03,-0.7
3.6320e-03,-0.5
3.6328e-03,-0.5
3.6336e-03,-0.5
3.6344e-03,-0.7
3.6352e-03,-0.5
3.6360e-03,-0.7
3.6368e-03,-0.7
3.6376e-03,-0.5
3.6384e-03,-0.7
3.6392e-03,-0.7
3.6400e-03,-0.7
3.6408e-03,-0.7
3.6416e-03,-0.7
3.6424e-03,-0.7
3.6432e-03,-0.7
3.6440e-03,-0.7
3.6448e-03,-0.7
3.6456e-03,-0.7
3.6464e-03,-0.7
3.6472e-03,-0.7
3.6480e-03,-0.7
3.6488e-03,-0.7
3.6496e-03,-0.7
3.6504e-03,-0.7
3.6512e-03,-0.7
3.6520e-03,-0.7
3.6528e-03,-0.7
3.6536e-03,-0.7
3.6544e-03,-0.7
3.6552e-03,-0.7
3.6560e-03,-0.7
3.6568e-03,-0.7
3.6576e-03,-0.7
3.6584e-03,-0.7
3.6592e-03,-0.7
3.6600e-03,-0.7
3.6608e-03,-0.7
3.6616e-03,-0.7
3.6624e-03,-0.7
3.6632e-03,-0.7
3.6640e-03,-0.7
3.6648e-03,-0.7
3.6656e-03,-0.9
3.6664e-03,-0.9
3.6672e-03,-0.7
3.6680e-03,-0.7
3.6688e-03,-0.7
3.6696e-03,-0.7
3.6704e-03,-0.7
3.6712e-03,-0.9
3.6720e-03,-0.7
3.6728e-03,-0.7
3.6736e-03,-0.7
3.6744e-03,-0.9
3.6752e-03,-0.9
3.6760e-03,-0.7
3.6768e-03,-0.9
3.6776e-03,-0.7
3.6784e-03,-0.9
3.6792e-03,-0.7
3.6800e-03,-0.7
3.6808e-03,-0.9
3.6816e-03,-0.9
3.6824e-03,-0.9
3.6832e-03,-0.9
3.6840e-03,-0.7
3.6848e-03,-0.9
3.6856e-03,-0.9
3.6864e-03,-0.7
3.6872e-03,-0.9
3.6880e-03,-0.9
3.6888e-03,-0.9
3.6896e-03,-0.9
3.6904e-03,-0.9
3.6912e-03,-0.9
3.6920e-03,-0.9
3.6928e-03,-0.9
3.6936e-03,-0.9
3.6944e-03,-0.9
3.6952e-03,-0.9
3.6960e-03,-0.7
3.6968e-03,-0.9
3.6976e-03,-0.9
3.6984e-03,-0.9
3.6992e-03,-0.9
3.7000e-03,-0.9
3.7008e-03,-0.9
3.7016e-03,-0.9
3.7024e-03,-0.9
3.7032e-03,-0.9
3.7040e-03,-0.9
3.7048e-03,-0.9
3.7056e-03,-0.9
3.7064e-03,-0.9
3.7072e-03,-0.9
3.7080e-03,-0.9
3.7088e-03,-0.9
3.7096e-03,-0.9
3.7104e-03,-0.9
3.7112e-03,-0.9
3.7120e-03,-0.9
3.7128e-03,-0.9
3.7136e-03,-0.9
3.7144e-03,-0.9
3.7152e-03,-0.9
3.7160e-03,-0.9
3.7168e-03,-0.9
3.7176e-03,-0.9
3.7184e-03,-0.9
3.7192e-03,-0.9
3.7200e-03,-0.9
3.7208e-03,-0.9
3.7216e-03,-0.9
3.7224e-03,-0.9
3.7232e-03,-0.9
3.7240e-03,-0.9
3.7248e-03,-0.9
3.7256e-03,-0.9
3.7264e-03,-0.9
3.7272e-03,-0.9
3.7280e-03,-0.9
3.7288e-03,-0.9
3.7296e-03,-0.9
3.7304e-03,-0.9
3.7312e-03,-0.9
3.7320e-03,-0.9
3.7328e-03,-0.9
3.7336e-03,-0.9
3.7344e-03,-0.9
3.7352e-03,-0.9
3.7360e-03,-1.1
3.7368e-03,-0.9
3.7376e-03,-0.9
3.7384e-03,-1.1
3.7392e-03,-1.1
3.7400e-03,-0.9
3.7408e-03,-0.9
3.7416e-03,-0.9
3.7424e-03,-0.9
3.7432e-03,-0.9
3.7440e-03,-0.9
3.7448e-03,-1.1
3.7456e-03,-0.9
3.7464e-03,-1.1
3.7472e-03,-1.1
3.7480e-03,-0.9
3.7488e-03,-1.1
3.7496e-03,-1.1
3.7504e-03,-1.1
3.7512e-03,-1.1
3.7520e-03,-1.1
3.7528e-03,-1.1
3.7536e-03,-1.1
3.7544e-03,-0.9
3.7552e-03,-1.1
3.7560e-03,-1.1
3.7568e-03,-1.1
3.7576e-03,-0.9
3.7584e-03,-1.1
3.7592e-03,-1.1
3.7600e-03,-1.1
3.7608e-03,-0.9
3.7616e-03,-0.9
3.7624e-03,-1.1
3.7632e-03,-1.1
3.7640e-03,-1.1
3.7648e-03,-1.1
3.7656e-03,-1.1
3.7664e-03,-1.1
3.7672e-03,-1.1
3.7680e-03,-1.1
3.7688e-03,-1.1
3.7696e-03,-1.1
3.7704e-03,-1.1
3.7712e-03,-1.1
3.7720e-03,-1.1
3.7728e-03,-1.1
3.7736e-03,-1.1
3.7744e-03,-1.1
3.7752e-03,-1.1
3.7760e-03,-1.1
3.7768e-03,-1.1
3.7776e-03,-1.1
3.7784e-03,-1.1
3.7792e-03,-1.1
3.7800e-03,-1.1
3.7808e-03,-1.1
3.7816e-03,-1.1
3.7824e-03,-1.1
3.7832e-03,-1.1
3.7840e-03,-1.1
3.7848e-03,-1.1
3.7856e-03,-1.1
3.7864e-03,-1.1
3.7872e-03,-1.1
3.7880e-03,-1.1
3.7888e-03,-1.1
3.7896e-03,-1.1
3.7904e-03,-1.1
3.7912e-03,-1.3
3.7920e-03,-1.1
3.7928e-03,-1.1
3.7936e-03,-1.3
3.7944e-03,-1.1
3.7952e-03,-1.1
3.7960e-03,-1.1
3.7968e-03,-1.1
3.7976e-03,-1.1
3.7984e-03,-1.1
3.7992e-03,-1.3
3.8000e-03,-1.1
3.8008e-03,-1.1
3.8016e-03,-1.1
3.8024e-03,-1.1
3.8032e-03,-1.1
3.8040e-03,-1.1
3.8048e-03,-1.1
3.8056e-03,-1.3
3.8064e-03,-1.1
3.8072e-03,-1.3
3.8080e-03,-1.3
3.8088e-03,-1.1
3.8096e-03,-1.3
3.8104e-03,-1.1
3.8112e-03,-1.3
3.8120e-03,-1.3
3.8128e-03,-1.1
3.8136e-03,-1.1
3.8144e-03,-1.1
3.8152e-03,-1.1
3.8160e-03,-1.1
3.8168e-03,-1.3
3.8176e-03,-1.3
3.8184e-03,-1.3
3.8192e-03,-1.3
3.8200e-03,-1.3
3.8208e-03,-1.3
3.8216e-03,-1.3
3.8224e-03,-1.3
3.8232e-03,-1.3
3.8240e-03,-1.3
3.8248e-03,-1.3
3.8256e-03,-1.3
3.8264e-03,-1.3
3.8272e-03,-1.1
3.8280e-03,-1.1
3.8288e-03,-1.3
3.8296e-03,-1.3
3.8304e-03,-1.3
3.8312e-03,-1.3
3.8320e-03,-1.3
3.8328e-03,-1.3
3.8336e-03,-1.3
3.8344e-03,-1.3
3.8352e-03,-1.3
3.8360e-03,-1.3
3.8368e-03,-1.3
3.8376e-03,-1.3
3.8384e-03,-1.3
3.8392e-03,-1.3
3.8400e-03,-1.3
3.8408e-03,-1.3
3.8416e-03,-1.3
3.8424e-03,-1.3
3.8432e-03,-1.3
3.8440e-03,-1.3
3.8448e-03,-1.3
3.8456e-03,-1.3
3.8464e-03,-1.3
3.8472e-03,-1.3
3.8480e-03,-1.3
3.8488e-03,-1.3
3.8496e-03,-1.3
3.8504e-03,-1.3
3.8512e-03,-1.3
3.8520e-03,-1.3
3.8528e-03,-1.3
3.8536e-03,-1.3
3.8544e-03,-1.3
3.8552e-03,-1.3
3.8560e-03,-1.3
3.8568e-03,-1.3
3.8576e-03,-1.3
3.8584e-03,-1.3
3.8592e-03,-1.3
3.8600e-03,-1.3
3.8608e-03,-1.3
3.8616e-03,-1.3
3.8624e-03,-1.3
3.8632e-03,-1.3
3.8640e-03,-1.3
3.8648e-03,-1.3
3.8656e-03,-1.3
3.8664e-03,-1.3
3.8672e-03,-1.3
3.8680e-03,-1.3
3.8688e-03,-1.3
3.8696e-03,-1.3
3.8704e-03,-1.3
3.8712e-03,-1.3
3.8720e-03,-1.5
3.8728e-03,-1.3
3.8736e-03,-1.5
3.8744e-03,-1.3
3.8752e-03,-1.5
3.8760e-03,-1.5
3.8768e-03,-1.5
3.8776e-03,-1.3
3.8784e-03,-1.3
3.8792e-03,-1.5
3.8800e-03,-1.5
3.8808e-03,-1.5
3.8816e-03,-1.5
3.8824e-03,-1.5
3.8832e-03,-1.3
3.8840e-03,-1.5
3.8848e-03,-1.3
3.8856e-03,-1.5
3.8864e-03,-1.3
3.8872e-03,-1.5
3.8880e-03,-1.3
3.8888e-03,-1.3
3.8896e-03,-1.5
3.8904e-03,-1.3
3.8912e-03,-1.5
3.8920e-03,-1.5
3.8928e-03,-1.5
3.8936e-03,-1.5
3.8944e-03,-1.5
3.8952e-03,-1.5
3.8960e-03,-1.5
3.8968e-03,-1.5
3.8976e-03,-1.5
3.8984e-03,-1.5
3.8992e-03,-1.5
3.9000e-03,-1.5
3.9008e-03,-1.3
3.9016e-03,-1.5
3.9024e-03,-1.5
3.9032e-03,-1.5
3.9040e-03,-1.5
3.9048e-03,-1.5
3.9056e-03,-1.5
3.9064e-03,-1.5
3.9072e-03,-1.5
3.9080e-03,-1.5
3.9088e-03,-1.5
3.9096e-03,-1.5
3.9104e-03,-1.5
3.9112e-03,-1.5
3.9120e-03,-1.5
3.9128e-03,-1.5
3.9136e-03,-1.5
3.9144e-03,-1.5
3.9152e-03,-1.5
3.9160e-03,-1.5
3.9168e-03,-1.5
3.9176e-03,-1.5
3.9184e-03,-1.5
3.9192e-03,-1.5
3.9200e-03,-1.5
3.9208e-03,-1.5
3.9216e-03,-1.5
3.9224e-03,-1.5
3.9232e-03,-1.5
3.9240e-03,-1.5
3.9248e-03,-1.5
3.9256e-03,-1.5
3.9264e-03,-1.5
3.9272e-03,-1.5
3.9280e-03,-1.5
3.9288e-03,-1.5
3.9296e-03,-1.5
3.9304e-03,-1.5
3.9312e-03,-1.5
3.9320e-03,-1.5
3.9328e-03,-1.5
3.9336e-03,-1.5
3.9344e-03,-1.5
3.9352e-03,-1.5
3.9360e-03,-1.5
3.9368e-03,-1.5
3.9376e-03,-1.5
3.9384e-03,-1.5
3.9392e-03,-1.5
3.9400e-03,-1.5
3.9408e-03,-1.5
3.9416e-03,-1.5
3.9424e-03,-1.5
3.9432e-03,-1.5
3.9440e-03,-1.5
3.9448e-03,-1.5
3.9456e-03,-1.5
3.9464e-03,-1.5
3.9472e-03,-1.5
3.9480e-03,-1.5
3.9488e-03,-1.5
3.9496e-03,-1.5
3.9504e-03,-1.5
3.9512e-03,-1.5
3.9520e-03,-1.5
3.9528e-03,-1.5
3.9536e-03,-1.5
3.9544e-03,-1.5
3.9552e-03,-1.5
3.9560e-03,-1.7
3.9568e-03,-1.5
3.9576e-03,-1.5
3.9584e-03,-1.5
3.9592e-03,-1.5
3.9600e-03,-1.7
3.9608e-03,-1.5
3.9616e-03,-1.5
3.9624e-03,-1.5
3.9632e-03,-1.5
3.9640e-03,-1.5
3.9648e-03,-1.5
3.9656e-03,-1.5
3.9664e-03,-1.5
3.9672e-03,-1.5
3.9680e-03,-1.5
3.9688e-03,-1.5
3.9696e-03,-1.7
3.9704e-03,-1.7
3.9712e-03,-1.5
3.9720e-03,-1.5
3.9728e-03,-1.5
3.9736e-03,-1.7
3.9744e-03,-1.7
3.9752e-03,-1.7
3.9760e-03,-1.7
3.9768e-03,-1.7
3.9776e-03,-1.7
3.9784e-03,-1.5
3.9792e-03,-1.5
3.9800e-03,-1.5
3.9808e-03,-1.5
3.9816e-03,-1.7
3.9824e-03,-1.7
3.9832e-03,-1.7
3.9840e-03,-1.7
3.9848e-03,-1.7
3.9856e-03,-1.7
3.9864e-03,-1.5
3.9872e-03,-1.7
3.9880e-03,-1.5
3.9888e-03,-1.7
3.9896e-03,-1.7
3.9904e-03,-1.5
3.9912e-03,-1.7
3.9920e-03,-1.7
3.9928e-03,-1.7
3.9936e-03,-1.7
3.9944e-03,-1.7
3.9952e-03,-1.7
3.9960e-03,-1.7
3.9968e-03,-1.7
3.9976e-03,-1.7
3.9984e-03,-1.7
3.9992e-03,-1.7
4.0000e-03,-1.7
4.0008e-03,-1.7
4.0016e-03,-1.7
4.0024e-03,-1.7
4.0032e-03,-1.7
4.0040e-03,-1.7
4.0048e-03,-1.7
4.0056e-03,-1.7
4.0064e-03,-1.7
4.0072e-03,-1.7
4.0080e-03,-1.7
4.0088e-03,-1.7
4.0096e-03,-1.7
4.0104e-03,-1.7
4.0112e-03,-1.7
4.0120e-03,-1.7
4.0128e-03,-1.7
4.0136e-03,-1.7
4.0144e-03,-1.7
4.0152e-03,-1.7
4.0160e-03,-1.7
4.0168e-03,-1.7
4.0176e-03,-1.7
4.0184e-03,-1.7
4.0192e-03,-1.7
4.0200e-03,-1.7
4.0208e-03,-1.7
4.0216e-03,-1.7
4.0224e-03,-1.7
4.0232e-03,-1.7
4.0240e-03,-1.7
4.0248e-03,-1.7
4.0256e-03,-1.7
4.0264e-03,-1.7
4.0272e-03,-1.7
4.0280e-03,-1.7
4.0288e-03,-1.7
4.0296e-03,-1.7
4.0304e-03,-1.7
4.0312e-03,-1.7
4.0320e-03,-1.7
4.0328e-03,-1.7
4.0336e-03,-1.7
4.0344e-03,-1.7
4.0352e-03,-1.7
4.0360e-03,-1.7
4.0368e-03,-1.7
4.0376e-03,-1.7
4.0384e-03,-1.7
4.0392e-03,-1.7
4.0400e-03,-1.7
4.0408e-03,-1.7
4.0416e-03,-1.7
4.0424e-03,-1.7
4.0432e-03,-1.7
4.0440e-03,-1.7
4.0448e-03,-1.7
4.0456e-03,-1.7
4.0464e-03,-1.7
4.0472e-03,-1.7
4.0480e-03,-1.7
4.0488e-03,-1.7
4.0496e-03,-1.7
4.0504e-03,-1.7
4.0512e-03,-1.7
4.0520e-03,-1.7
4.0528e-03,-1.7
4.0536e-03,-1.7
4.0544e-03,-1.7
4.0552e-03,-1.7
4.0560e-03,-1.7
4.0568e-03,-1.7
4.0576e-03,-1.9
4.0584e-03,-1.7
4.0592e-03,-1.7
4.0600e-03,-1.7
4.0608e-03,-1.7
4.0616e-03,-1.7
4.0624e-03,-1.7
4.0632e-03,-1.7
4.0640e-03,-1.7
4.0648e-03,-1.7
4.0656e-03,-1.7
4.0664e-03,-1.7
4.0672e-03,-1.7
4.0680e-03,-1.7
4.0688e-03,-1.9
4.0696e-03,-1.9
4.0704e-03,-1.9
4.0712e-03,-1.7
4.0720e-03,-1.7
4.0728e-03,-1.7
4.0736e-03,-1.9
4.0744e-03,-1.9
4.0752e-03,-1.7
4.0760e-03,-1.9
4.0768e-03,-1.7
4.0776e-03,-1.7
4.0784e-03,-1.9
4.0792e-03,-1.7
4.0800e-03,-1.7
4.0808e-03,-1.7
4.0816e-03,-1.7
4.0824e-03,-1.7
4.0832e-03,-1.9
4.0840e-03,-1.9
4.0848e-03,-1.9
4.0856e-03,-1.7
4.0864e-03,-1.9
4.0872e-03,-1.9
4.0880e-03,-1.9
4.0888e-03,-1.9
4.0896e-03,-1.9
4.0904e-03,-1.9
4.0912e-03,-1.9
4.0920e-03,-1.7
4.0928e-03,-1.9
4.0936e-03,-1.7
4.0944e-03,-1.7
4.0952e-03,-1.7
4.0960e-03,-1.7
4.0968e-03,-1.9
4.0976e-03,-1.9
4.0984e-03,-1.9
4.0992e-03,-1.9
4.1000e-03,-1.9
4.1008e-03,-1.9
4.1016e-03,-1.7
4.1024e-03,-1.9
4.1032e-03,-1.9
4.1040e-03,-1.9
4.1048e-03,-1.7
4.1056e-03,-1.9
4.1064e-03,-1.9
4.1072e-03,-1.9
4.1080e-03,-1.9
4.1088e-03,-1.9
4.1096e-03,-1.9
4.1104e-03,-1.9
4.1112e-03,-1.9
4.1120e-03,-1.9
4.1128e-03,-1.9
4.1136e-03,-1.9
4.1144e-03,-1.9
4.1152e-03,-1.9
4.1160e-03,-1.9
4.1168e-03,-1.9
4.1176e-03,-1.9
4.1184e-03,-1.9
4.1192e-03,-1.9
4.1200e-03,-1.9
4.1208e-03,-1.9
4.1216e-03,-1.9
4.1224e-03,-1.9
4.1232e-03,-1.9
4.1240e-03,-1.9
4.1248e-03,-1.9
4.1256e-03,-1.9
4.1264e-03,-1.9
4.1272e-03,-1.9
4.1280e-03,-1.9
4.1288e-03,-1.9
4.1296e-03,-1.9
4.1304e-03,-1.9
4.1312e-03,-1.9
4.1320e-03,-1.9
4.1328e-03,-1.9
4.1336e-03,-1.9
4.1344e-03,-1.9
4.1352e-03,-1.9
4.1360e-03,-1.9
4.1368e-03,-1.9
4.1376e-03,-1.9
4.1384e-03,-1.9
4.1392e-03,-1.9
4.1400e-03,-1.9
4.1408e-03,-1.9
4.1416e-03,-1.9
4.1424e-03,-1.9
4.1432e-03,-1.9
4.1440e-03,-1.9
4.1448e-03,-1.9
4.1456e-03,-1.9
4.1464e-03,-1.9
4.1472e-03,-1.9
4.1480e-03,-1.9
4.1488e-03,-1.9
4.1496e-03,-1.9
4.1504e-03,-1.9
4.1512e-03,-1.9
4.1520e-03,-1.9
4.1528e-03,-1.9
4.1536e-03,-1.9
4.1544e-03,-1.9
4.1552e-03,-1.9
4.1560e-03,-1.9
4.1568e-03,-1.9
4.1576e-03,-1.9
4.1584e-03,-1.9
4.1592e-03,-1.9
4.1600e-03,-1.9
4.1608e-03,-1.9
4.1616e-03,-1.9
4.1624e-03,-1.9
4.1632e-03,-1.9
4.1640e-03,-1.9
4.1648e-03,-1.9
4.1656e-03,-1.9
4.1664e-03,-1.9
4.1672e-03,-1.9
4.1680e-03,-1.9
4.1688e-03,-1.9
4.1696e-03,-1.9
4.1704e-03,-1.9
4.1712e-03,-1.9
4.1720e-03,-1.9
4.1728e-03,-1.9
4.1736e-03,-1.9
4.1744e-03,-1.9
4.1752e-03,-1.9
4.1760e-03,-1.9
4.1768e-03,-1.9
4.1776e-03,-1.9
4.1784e-03,-1.9
4.1792e-03,-1.9
4.1800e-03,-1.9
4.1808e-03,-1.9
4.1816e-03,-1.9
4.1824e-03,-1.9
4.1832e-03,-1.9
4.1840e-03,-1.9
4.1848e-03,-1.9
4.1856e-03,-1.9
4.1864e-03,-1.9
4.1872e-03,-2.1
4.1880e-03,-1.9
4.1888e-03,-1.9
4.1896e-03,-1.9
4.1904e-03,-1.9
4.1912e-03,-1.9
4.1920e-03,-1.9
4.1928e-03,-1.9
4.1936e-03,-1.9
4.1944e-03,-1.9
4.1952e-03,-1.9
4.1960e-03,-1.9
4.1968e-03,-1.9
4.1976e-03,-1.9
4.1984e-03,-1.9
4.1992e-03,-1.9
4.2000e-03,-1.9
4.2008e-03,-1.9
4.2016e-03,-1.9
4.2024e-03,-1.9
4.2032e-03,-2.1
4.2040e-03,-2.1
4.2048e-03,-1.9
4.2056e-03,-1.9
4.2064e-03,-1.9
4.2072e-03,-1.9
4.2080e-03,-1.9
4.2088e-03,-1.9
4.2096e-03,-1.9
4.2104e-03,-1.9
4.2112e-03,-2.1
4.2120e-03,-1.9
4.2128e-03,-1.9
4.2136e-03,-1.9
4.2144e-03,-1.9
4.2152e-03,-1.9
4.2160e-03,-1.9
4.2168e-03,-2.1
4.2176e-03,-1.9
4.2184e-03,-1.9
4.2192e-03,-1.9
4.2200e-03,-1.9
4.2208e-03,-1.9
4.2216e-03,-1.9
4.2224e-03,-2.1
4.2232e-03,-1.9
4.2240e-03,-2.1
4.2248e-03,-1.9
4.2256e-03,-2.1
4.2264e-03,-1.9
4.2272e-03,-1.9
4.2280e-03,-1.9
4.2288e-03,-2.1
4.2296e-03,-1.9
4.2304e-03,-1.9
4.2312e-03,-1.9
4.2320e-03,-1.9
4.2328e-03,-1.9
4.2336e-03,-2.1
4.2344e-03,-2.1
4.2352e-03,-1.9
4.2360e-03,-1.9
4.2368e-03,-2.1
4.2376e-03,-2.1
4.2384e-03,-2.1
4.2392e-03,-1.9
4.2400e-03,-1.9
4.2408e-03,-1.9
4.2416e-03,-1.9
4.2424e-03,-1.9
4.2432e-03,-1.9
4.2440e-03,-1.9
4.2448e-03,-1.9
4.2456e-03,-1.9
4.2464e-03,-1.9
4.2472e-03,-1.9
4.2480e-03,-1.9
4.2488e-03,-1.9
4.2496e-03,-1.9
4.2504e-03,-1.9
4.2512e-03,-1.9
4.2520e-03,-1.9
4.2528e-03,-1.9
4.2536e-03,-1.9
4.2544e-03,-1.9
4.2552e-03,-1.9
4.2560e-03,-1.9
4.2568e-03,-1.9
4.2576e-03,-1.9
4.2584e-03,-1.9
4.2592e-03,-1.9
4.2600e-03,-1.9
4.2608e-03,-1.9
4.2616e-03,-1.9
4.2624e-03,-1.9
4.2632e-03,-1.9
4.2640e-03,-1.9
4.2648e-03,-1.9
4.2656e-03,-2.1
4.2664e-03,-1.9
4.2672e-03,-1.9
4.2680e-03,-1.9
4.2688e-03,-1.9
4.2696e-03,-1.9
4.2704e-03,-1.9
4.2712e-03,-1.9
4.2720e-03,-1.9
4.2728e-03,-1.9
4.2736e-03,-1.9
4.2744e-03,-1.9
4.2752e-03,-1.9
4.2760e-03,-1.9
4.2768e-03,-1.9
4.2776e-03,-1.9
4.2784e-03,-1.9
4.2792e-03,-1.9
4.2800e-03,-1.9
4.2808e-03,-1.9
4.2816e-03,-1.9
4.2824e-03,-1.9
4.2832e-03,-1.9
4.2840e-03,-1.9
4.2848e-03,-1.9
4.2856e-03,-1.9
4.2864e-03,-1.9
4.2872e-03,-1.9
4.2880e-03,-1.9
4.2888e-03,-1.9
4.2896e-03,-1.9
4.2904e-03,-1.9
4.2912e-03,-1.9
4.2920e-03,-1.9
4.2928e-03,-1.9
4.2936e-03,-1.9
4.2944e-03,-1.9
4.2952e-03,-1.9
4.2960e-03,-1.9
4.2968e-03,-1.9
4.2976e-03,-1.9
4.2984e-03,-1.9
4.2992e-03,-1.9
4.3000e-03,-1.9
4.3008e-03,-1.9
4.3016e-03,-1.9
4.3024e-03,-1.9
4.3032e-03,-1.9
4.3040e-03,-1.9
4.3048e-03,-1.9
4.3056e-03,-1.9
4.3064e-03,-1.9
4.3072e-03,-1.9
4.3080e-03,-1.9
4.3088e-03,-1.9
4.3096e-03,-1.9
4.3104e-03,-1.9
4.3112e-03,-1.9
4.3120e-03,-1.9
4.3128e-03,-1.9
4.3136e-03,-1.9
4.3144e-03,-1.9
4.3152e-03,-1.9
4.3160e-03,-1.9
4.3168e-03,-1.9
4.3176e-03,-1.9
4.3184e-03,-1.9
4.3192e-03,-1.9
4.3200e-03,-1.9
4.3208e-03,-1.9
4.3216e-03,-1.9
4.3224e-03,-1.9
4.3232e-03,-1.9
4.3240e-03,-1.9
4.3248e-03,-1.9
4.3256e-03,-1.9
4.3264e-03,-1.9
4.3272e-03,-1.9
4.3280e-03,-1.9
4.3288e-03,-1.9
4.3296e-03,-1.7
4.3304e-03,-1.9
4.3312e-03,-1.9
4.3320e-03,-1.9
4.3328e-03,-1.9
4.3336e-03,-1.9
4.3344e-03,-1.9
4.3352e-03,-1.9
4.3360e-03,-1.9
4.3368e-03,-1.9
4.3376e-03,-1.9
4.3384e-03,-1.9
4.3392e-03,-1.9
4.3400e-03,-1.9
4.3408e-03,-1.9
4.3416e-03,-1.9
4.3424e-03,-1.7
4.3432e-03,-1.9
4.3440e-03,-1.9
4.3448e-03,-1.9
4.3456e-03,-1.9
4.3464e-03,-1.7
4.3472e-03,-1.9
4.3480e-03,-1.9
4.3488e-03,-1.9
4.3496e-03,-1.9
4.3504e-03,-1.9
4.3512e-03,-1.7
4.3520e-03,-1.9
4.3528e-03,-1.9
4.3536e-03,-1.9
4.3544e-03,-1.9
4.3552e-03,-1.9
4.3560e-03,-1.9
4.3568e-03,-1.9
4.3576e-03,-1.7
4.3584e-03,-1.9
4.3592e-03,-1.7
4.3600e-03,-1.7
4.3608e-03,-1.7
4.3616e-03,-1.7
4.3624e-03,-1.7
4.3632e-03,-1.9
4.3640e-03,-1.7
4.3648e-03,-1.7
4.3656e-03,-1.7
4.3664e-03,-1.9
4.3672e-03,-1.7
4.3680e-03,-1.7
4.3688e-03,-1.9
4.3696e-03,-1.7
4.3704e-03,-1.7
4.3712e-03,-1.7
4.3720e-03,-1.7
4.3728e-03,-1.7
4.3736e-03,-1.7
4.3744e-03,-1.7
4.3752e-03,-1.7
4.3760e-03,-1.7
4.3768e-03,-1.7
4.3776e-03,-1.7
4.3784e-03,-1.7
4.3792e-03,-1.7
4.3800e-03,-1.7
4.3808e-03,-1.7
4.3816e-03,-1.7
4.3824e-03,-1.7
4.3832e-03,-1.7
4.3840e-03,-1.7
4.3848e-03,-1.7
4.3856e-03,-1.7
4.3864e-03,-1.7
4.3872e-03,-1.7
4.3880e-03,-1.7
4.3888e-03,-1.7
4.3896e-03,-1.7
4.3904e-03,-1.7
4.3912e-03,-1.7
4.3920e-03,-1.7
4.3928e-03,-1.7
4.3936e-03,-1.7
4.3944e-03,-1.7
4.3952e-03,-1.7
4.3960e-03,-1.7
4.3968e-03,-1.7
4.3976e-03,-1.7
4.3984e-03,-1.7
4.3992e-03,-1.7
4.4000e-03,-1.7
4.4008e-03,-1.7
4.4016e-03,-1.7
4.4024e-03,-1.7
4.4032e-03,-1.7
4.4040e-03,-1.7
4.4048e-03,-1.7
4.4056e-03,-1.7
4.4064e-03,-1.7
4.4072e-03,-1.7
4.4080e-03,-1.7
4.4088e-03,-1.7
4.4096e-03,-1.7
4.4104e-03,-1.7
4.4112e-03,-1.7
4.4120e-03,-1.7
4.4128e-03,-1.7
4.4136e-03,-1.7
4.4144e-03,-1.7
4.4152e-03,-1.7
4.4160e-03,-1.7
4.4168e-03,-1.7
4.4176e-03,-1.7
4.4184e-03,-1.7
4.4192e-03,-1.7
4.4200e-03,-1.7
4.4208e-03,-1.7
4.4216e-03,-1.7
4.4224e-03,-1.7
4.4232e-03,-1.7
4.4240e-03,-1.7
4.4248e-03,-1.7
4.4256e-03,-1.7
4.4264e-03,-1.7
4.4272e-03,-1.7
4.4280e-03,-1.7
4.4288e-03,-1.7
4.4296e-03,-1.7
4.4304e-03,-1.7
4.4312e-03,-1.7
4.4320e-03,-1.7
4.4328e-03,-1.7
4.4336e-03,-1.7
4.4344e-03,-1.5
4.4352e-03,-1.7
4.4360e-03,-1.7
4.4368e-03,-1.7
4.4376e-03,-1.5
4.4384e-03,-1.7
4.4392e-03,-1.5
4.4400e-03,-1.5
4.4408e-03,-1.7
4.4416e-03,-1.5
4.4424e-03,-1.5
4.4432e-03,-1.7
4.4440e-03,-1.7
4.4448e-03,-1.7
4.4456e-03,-1.7
4.4464e-03,-1.7
4.4472e-03,-1.5
4.4480e-03,-1.7
4.4488e-03,-1.7
4.4496e-03,-1.7
4.4504e-03,-1.5
4.4512e-03,-1.5
4.4520e-03,-1.5
4.4528e-03,-1.7
4.4536e-03,-1.5
4.4544e-03,-1.7
4.4552e-03,-1.7
4.4560e-03,-1.5
4.4568e-03,-1.7
4.4576e-03,-1.7
4.4584e-03,-1.5
4.4592e-03,-1.5
4.4600e-03,-1.7
4.4608e-03,-1.5
4.4616e-03,-1.5
4.4624e-03,-1.7
4.4632e-03,-1.7
4.4640e-03,-1.5
4.4648e-03,-1.5
4.4656e-03,-1.5
4.4664e-03,-1.5
4.4672e-03,-1.5
4.4680e-03,-1.5
4.4688e-03,-1.7
4.4696e-03,-1.5
4.4704e-03,-1.7
4.4712e-03,-1.5
4.4720e-03,-1.5
4.4728e-03,-1.5
4.4736e-03,-1.5
4.4744e-03,-1.5
4.4752e-03,-1.5
4.4760e-03,-1.7
4.4768e-03,-1.5
4.4776e-03,-1.5
4.4784e-03,-1.5
4.4792e-03,-1.5
4.4800e-03,-1.5
4.4808e-03,-1.5
4.4816e-03,-1.5
4.4824e-03,-1.5
4.4832e-03,-1.5
4.4840e-03,-1.5
4.4848e-03,-1.5
4.4856e-03,-1.5
4.4864e-03,-1.5
4.4872e-03,-1.5
4.4880e-03,-1.5
4.4888e-03,-1.5
4.4896e-03,-1.5
4.4904e-03,-1.5
4.4912e-03,-1.5
4.4920e-03,-1.5
4.4928e-03,-1.5
4.4936e-03,-1.5
4.4944e-03,-1.5
4.4952e-03,-1.5
4.4960e-03,-1.5
4.4968e-03,-1.5
4.4976e-03,-1.5
4.4984e-03,-1.5
4.4992e-03,-1.5
4.5000e-03,-1.5
4.5008e-03,-1.5
4.5016e-03,-1.5
4.5024e-03,-1.5
4.5032e-03,-1.5
4.5040e-03,-1.5
4.5048e-03,-1.3
4.5056e-03,-1.5
4.5064e-03,-1.5
4.5072e-03,-1.5
4.5080e-03,-1.5
4.5088e-03,-1.5
4.5096e-03,-1.5
4.5104e-03,-1.5
4.5112e-03,-1.5
4.5120e-03,-1.5
4.5128e-03,-1.5
4.5136e-03,-1.5
4.5144e-03,-1.5
4.5152e-03,-1.5
4.5160e-03,-1.5
4.5168e-03,-1.5
4.5176e-03,-1.5
4.5184e-03,-1.3
4.5192e-03,-1.3
4.5200e-03,-1.5
4.5208e-03,-1.5
4.5216e-03,-1.5
4.5224e-03,-1.3
4.5232e-03,-1.3
4.5240e-03,-1.3
4.5248e-03,-1.5
4.5256e-03,-1.5
4.5264e-03,-1.3
4.5272e-03,-1.3
4.5280e-03,-1.3
4.5288e-03,-1.5
4.5296e-03,-1.5
4.5304e-03,-1.3
4.5312e-03,-1.3
4.5320e-03,-1.3
4.5328e-03,-1.3
4.5336e-03,-1.3
4.5344e-03,-1.5
4.5352e-03,-1.3
4.5360e-03,-1.3
4.5368e-03,-1.3
4.5376e-03,-1.3
4.5384e-03,-1.3
4.5392e-03,-1.3
4.5400e-03,-1.3
4.5408e-03,-1.3
4.5416e-03,-1.3
4.5424e-03,-1.3
4.5432e-03,-1.3
4.5440e-03,-1.3
4.5448e-03,-1.3
4.5456e-03,-1.3
4.5464e-03,-1.3
4.5472e-03,-1.3
4.5480e-03,-1.3
4.5488e-03,-1.3
4.5496e-03,-1.3
4.5504e-03,-1.3
4.5512e-03,-1.3
4.5520e-03,-1.3
4.5528e-03,-1.3
4.5536e-03,-1.3
4.5544e-03,-1.3
4.5552e-03,-1.3
4.5560e-03,-1.3
4.5568e-03,-1.3
4.5576e-03,-1.3
4.5584e-03,-1.3
4.5592e-03,-1.3
4.5600e-03,-1.3
4.5608e-03,-1.3
4.5616e-03,-1.3
4.5624e-03,-1.3
4.5632e-03,-1.3
4.5640e-03,-1.3
4.5648e-03,-1.3
4.5656e-03,-1.3
4.5664e-03,-1.3
4.5672e-03,-1.3
4.5680e-03,-1.3
4.5688e-03,-1.3
4.5696e-03,-1.3
4.5704e-03,-1.3
4.5712e-03,-1.3
4.5720e-03,-1.3
4.5728e-03,-1.3
4.5736e-03,-1.3
4.5744e-03,-1.3
4.5752e-03,-1.3
4.5760e-03,-1.1
4.5768e-03,-1.3
4.5776e-03,-1.3
4.5784e-03,-1.3
4.5792e-03,-1.3
4.5800e-03,-1.3
4.5808e-03,-1.3
4.5816e-03,-1.3
4.5824e-03,-1.3
4.5832e-03,-1.3
4.5840e-03,-1.1
4.5848e-03,-1.3
4.5856e-03,-1.3
4.5864e-03,-1.3
4.5872e-03,-1.3
4.5880e-03,-1.3
4.5888e-03,-1.3
4.5896e-03,-1.3
4.5904e-03,-1.3
4.5912e-03,-1.3
4.5920e-03,-1.1
4.5928e-03,-1.3
4.5936e-03,-1.1
4.5944e-03,-1.1
4.5952e-03,-1.3
4.5960e-03,-1.1
4.5968e-03,-1.1
4.5976e-03,-1.1
4.5984e-03,-1.3
4.5992e-03,-1.1
4.6000e-03,-1.1
4.6008e-03,-1.3
4.6016e-03,-1.3
4.6024e-03,-1.1
4.6032e-03,-1.1
4.6040e-03,-1.1
4.6048e-03,-1.1
4.6056e-03,-1.1
4.6064e-03,-1.1
4.6072e-03,-1.1
4.6080e-03,-1.1
4.6088e-03,-1.1
4.6096e-03,-1.1
4.6104e-03,-1.1
4.6112e-03,-1.1
4.6120e-03,-1.1
4.6128e-03,-1.1
4.6136e-03,-1.3
4.6144e-03,-1.1
4.6152e-03,-1.1
4.6160e-03,-1.1
4.6168e-03,-1.1
4.6176e-03,-1.1
4.6184e-03,-1.3
4.6192e-03,-1.1
4.6200e-03,-1.1
4.6208e-03,-1.1
4.6216e-03,-1.1
4.6224e-03,-1.1
4.6232e-03,-1.1
4.6240e-03,-1.1
4.6248e-03,-1.1
4.6256e-03,-1.1
4.6264e-03,-1.1
4.6272e-03,-1.1
4.6280e-03,-1.1
4.6288e-03,-1.1
4.6296e-03,-1.1
4.6304e-03,-1.1
4.6312e-03,-1.1
4.6320e-03,-1.1
4.6328e-03,-1.1
4.6336e-03,-1.1
4.6344e-03,-1.1
4.6352e-03,-1.1
4.6360e-03,-1.1
4.6368e-03,-1.1
4.6376e-03,-1.1
4.6384e-03,-1.1
4.6392e-03,-0.9
4.6400e-03,-1.1
4.6408e-03,-1.1
4.6416e-03,-1.1
4.6424e-03,-1.1
4.6432e-03,-0.9
4.6440e-03,-1.1
4.6448e-03,-0.9
4.6456e-03,-1.1
4.6464e-03,-1.1
4.6472e-03,-1.1
4.6480e-03,-1.1
4.6488e-03,-0.9
4.6496e-03,-0.9
4.6504e-03,-0.9
4.6512e-03,-1.1
4.6520e-03,-1.1
4.6528e-03,-1.1
4.6536e-03,-1.1
4.6544e-03,-1.1
4.6552e-03,-1.1
4.6560e-03,-1.1
4.6568e-03,-1.1
4.6576e-03,-0.9
4.6584e-03,-1.1
4.6592e-03,-1.1
4.6600e-03,-0.9
4.6608e-03,-0.9
4.6616e-03,-0.9
4.6624e-03,-0.9
4.6632e-03,-0.9
4.6640e-03,-0.9
4.6648e-03,-0.9
4.6656e-03,-1.1
4.6664e-03,-0.9
4.6672e-03,-0.9
4.6680e-03,-1.1
4.6688e-03,-0.9
4.6696e-03,-0.9
4.6704e-03,-0.9
4.6712e-03,-0.9
4.6720e-03,-0.9
4.6728e-03,-0.9
4.6736e-03,-0.9
4.6744e-03,-0.9
4.6752e-03,-0.9
4.6760e-03,-0.9
4.6768e-03,-0.9
4.6776e-03,-0.9
4.6784e-03,-0.9
4.6792e-03,-0.9
4.6800e-03,-0.9
4.6808e-03,-0.9
4.6816e-03,-0.9
4.6824e-03,-0.9
4.6832e-03,-0.9
4.6840e-03,-0.9
4.6848e-03,-0.9
4.6856e-03,-0.9
4.6864e-03,-0.9
4.6872e-03,-0.9
4.6880e-03,-0.9
4.6888e-03,-0.7
4.6896e-03,-0.9
4.6904e-03,-0.9
4.6912e-03,-0.9
4.6920e-03,-0.9
4.6928e-03,-0.9
4.6936e-03,-0.9
4.6944e-03,-0.9
4.6952e-03,-0.9
4.6960e-03,-0.9
4.6968e-03,-0.9
4.6976e-03,-0.9
4.6984e-03,-0.9
4.6992e-03,-0.9
4.7000e-03,-0.9
4.7008e-03,-0.9
4.7016e-03,-0.9
4.7024e-03,-0.9
4.7032e-03,-0.7
4.7040e-03,-0.9
4.7048e-03,-0.9
4.7056e-03,-0.9
4.7064e-03,-0.9
4.7072e-03,-0.9
4.7080e-03,-0.7
4.7088e-03,-0.7
4.7096e-03,-0.7
4.7104e-03,-0.9
4.7112e-03,-0.9
4.7120e-03,-0.7
4.7128e-03,-0.9
4.7136e-03,-0.7
4.7144e-03,-0.7
4.7152e-03,-0.7
4.7160e-03,-0.9
4.7168e-03,-0.7
4.7176e-03,-0.7
4.7184e-03,-0.7
4.7192e-03,-0.9
4.7200e-03,-0.7
4.7208e-03,-0.7
4.7216e-03,-0.7
4.7224e-03,-0.7
4.7232e-03,-0.7
4.7240e-03,-0.7
4.7248e-03,-0.7
4.7256e-03,-0.7
4.7264e-03,-0.7
4.7272e-03,-0.7
4.7280e-03,-0.7
4.7288e-03,-0.7
4.7296e-03,-0.7
4.7304e-03,-0.7
4.7312e-03,-0.7
4.7320e-03,-0.7
4.7328e-03,-0.7
4.7336e-03,-0.7
4.7344e-03,-0.7
4.7352e-03,-0.7
4.7360e-03,-0.7
4.7368e-03,-0.7
4.7376e-03,-0.7
4.7384e-03,-0.7
4.7392e-03,-0.7
4.7400e-03,-0.7
4.7408e-03,-0.7
4.7416e-03,-0.7
4.7424e-03,-0.7
4.7432e-03,-0.7
4.7440e-03,-0.7
4.7448e-03,-0.7
4.7456e-03,-0.7
4.7464e-03,-0.7
4.7472e-03,-0.7
4.7480e-03,-0.7
4.7488e-03,-0.7
4.7496e-03,-0.5
4.7504e-03,-0.7
4.7512e-03,-0.7
4.7520e-03,-0.7
4.7528e-03,-0.5
4.7536e-03,-0.7
4.7544e-03,-0.7
4.7552e-03,-0.7
4.7560e-03,-0.5
4.7568e-03,-0.5
4.7576e-03,-0.5
4.7584e-03,-0.5
4.7592e-03,-0.7
4.7600e-03,-0.5
4.7608e-03,-0.7
4.7616e-03,-0.5
4.7624e-03,-0.5
4.7632e-03,-0.5
4.7640e-03,-0.5
4.7648e-03,-0.5
4.7656e-03,-0.5
4.7664e-03,-0.5
4.7672e-03,-0.5
4.7680e-03,-0.5
4.7688e-03,-0.5
4.7696e-03,-0.5
4.7704e-03,-0.5
4.7712e-03,-0.5
4.7720e-03,-0.7
4.7728e-03,-0.7
4.7736e-03,-0.5
4.7744e-03,-0.5
4.7752e-03,-0.5
4.7760e-03,-0.5
4.7768e-03,-0.5
4.7776e-03,-0.5
4.7784e-03,-0.5
4.7792e-03,-0.5
4.7800e-03,-0.5
4.7808e-03,-0.5
4.7816e-03,-0.5
4.7824e-03,-0.5
4.7832e-03,-0.5
4.7840e-03,-0.5
4.7848e-03,-0.5
4.7856e-03,-0.5
4.7864e-03,-0.5
4.7872e-03,-0.5
4.7880e-03,-0.5
4.7888e-03,-0.5
4.7896e-03,-0.5
4.7904e-03,-0.5
4.7912e-03,-0.5
4.7920e-03,-0.5
4.7928e-03,-0.5
4.7936e-03,-0.5
4.7944e-03,-0.5
4.7952e-03,-0.5
4.7960e-03,-0.5
4.7968e-03,-0.5
4.7976e-03,-0.5
4.7984e-03,-0.5
4.7992e-03,-0.5
4.8000e-03,-0.5
4.8008e-03,-0.5
4.8016e-03,-0.5
4.8024e-03,-0.5
4.8032e-03,-0.5
4.8040e-03,-0.5
4.8048e-03,-0.5
4.8056e-03,-0.5
4.8064e-03,-0.5
4.8072e-03,-0.3
4.8080e-03,-0.5
4.8088e-03,-0.3
4.8096e-03,-0.5
4.8104e-03,-0.3
4.8112e-03,-0.5
4.8120e-03,-0.3
4.8128e-03,-0.3
4.8136e-03,-0.3
4.8144e-03,-0.5
4.8152e-03,-0.3
4.8160e-03,-0.3
4.8168e-03,-0.3
4.8176e-03,-0.3
4.8184e-03,-0.3
4.8192e-03,-0.3
4.8200e-03,-0.3
4.8208e-03,-0.3
4.8216e-03,-0.3
4.8224e-03,-0.5
4.8232e-03,-0.3
4.8240e-03,-0.3
4.8248e-03,-0.3
4.8256e-03,-0.3
4.8264e-03,-0.3
4.8272e-03,-0.3
4.8280e-03,-0.5
4.8288e-03,-0.3
4.8296e-03,-0.5
4.8304e-03,-0.3
4.8312e-03,-0.3
4.8320e-03,-0.3
4.8328e-03,-0.3
4.8336e-03,-0.3
4.8344e-03,-0.3
4.8352e-03,-0.3
4.8360e-03,-0.3
4.8368e-03,-0.3
4.8376e-03,-0.3
4.8384e-03,-0.3
4.8392e-03,-0.3
4.8400e-03,-0.3
4.8408e-03,-0.3
4.8416e-03,-0.3
4.8424e-03,-0.3
4.8432e-03,-0.3
4.8440e-03,-0.3
4.8448e-03,-0.3
4.8456e-03,-0.3
4.8464e-03,-0.3
4.8472e-03,-0.3
4.8480e-03,-0.3
4.8488e-03,-0.3
4.8496e-03,-0.3
4.8504e-03,-0.3
4.8512e-03,-0.3
4.8520e-03,-0.3
4.8528e-03,-0.3
4.8536e-03,-0.3
4.8544e-03,-0.3
4.8552e-03,-0.3
4.8560e-03,-0.3
4.8568e-03,-0.3
4.8576e-03,-0.3
4.8584e-03,-0.1
4.8592e-03,-0.3
4.8600e-03,-0.3
4.8608e-03,-0.3
4.8616e-03,-0.1
4.8624e-03,-0.1
4.8632e-03,-0.1
4.8640e-03,-0.1
4.8648e-03,-0.3
4.8656e-03,-0.1
4.8664e-03,-0.1
4.8672e-03,-0.3
4.8680e-03,-0.1
4.8688e-03,-0.3
4.8696e-03,-0.3
4.8704e-03,-0.1
4.8712e-03,-0.1
4.8720e-03,-0.1
4.8728e-03,-0.3
4.8736e-03,-0.1
4.8744e-03,-0.1
4.8752e-03,-0.1
4.8760e-03,-0.1
4.8768e-03,-0.1
4.8776e-03,-0.1
4.8784e-03,-0.1
4.8792e-03,-0.1
4.8800e-03,-0.1
4.8808e-03,-0.1
4.8816e-03,-0.1
4.8824e-03,-0.1
4.8832e-03,-0.1
4.8840e-03,-0.1
4.8848e-03,-0.1
4.8856e-03,-0.1
4.8864e-03,-0.1
4.8872e-03,-0.1
4.8880e-03,-0.1
4.8888e-03,-0.1
4.8896e-03,-0.1
4.8904e-03,-0.1
4.8912e-03,0.1
4.8920e-03,-0.1
4.8928e-03,-0.1
4.8936e-03,-0.1
4.8944e-03,-0.1
4.8952e-03,-0.1
4.8960e-03,-0.1
4.8968e-03,-0.1
4.8976e-03,-0.1
4.8984e-03,-0.1
4.8992e-03,-0.1
4.9000e-03,-0.1
4.9008e-03,0.1
4.9016e-03,-0.1
4.9024e-03,-0.1
4.9032e-03,-0.1
4.9040e-03,-0.1
4.9048e-03,0.1
4.9056e-03,0.1
4.9064e-03,-0.1
4.9072e-03,-0.1
4.9080e-03,-0.1
4.9088e-03,-0.1
4.9096e-03,-0.1
4.9104e-03,-0.1
4.9112e-03,-0.1
4.9120e-03,-0.1
4.9128e-03,0.1
4.9136e-03,0.1
4.9144e-03,-0.1
4.9152e-03,0.1
4.9160e-03,0.1
4.9168e-03,0.1
4.9176e-03,0.1
4.9184e-03,-0.1
4.9192e-03,-0.1
4.9200e-03,0.1
4.9208e-03,0.1
4.9216e-03,-0.1
4.9224e-03,0.1
4.9232e-03,0.1
4.9240e-03,0.1
4.9248e-03,0.1
4.9256e-03,0.1
4.9264e-03,0.1
4.9272e-03,0.1
4.9280e-03,0.1
4.9288e-03,0.1
4.9296e-03,0.1
4.9304e-03,0.1
4.9312e-03,0.1
4.9320e-03,0.1
4.9328e-03,0.1
4.9336e-03,0.1
4.9344e-03,0.1
4.9352e-03,0.1
4.9360e-03,0.1
4.9368e-03,0.1
4.9376e-03,0.1
4.9384e-03,0.1
4.9392e-03,0.1
4.9400e-03,0.1
4.9408e-03,0.1
4.9416e-03,0.1
4.9424e-03,0.1
4.9432e-03,0.1
4.9440e-03,0.1
4.9448e-03,0.1
4.9456e-03,0.1
4.9464e-03,0.1
4.9472e-03,0.1
4.9480e-03,0.1
4.9488e-03,0.1
4.9496e-03,0.1
4.9504e-03,0.1
4.9512e-03,0.1
4.9520e-03,0.1
4.9528e-03,0.1
4.9536e-03,0.1
4.9544e-03,0.1
4.9552e-03,0.1
4.9560e-03,0.1
4.9568e-03,0.1
4.9576e-03,0.1
4.9584e-03,0.1
4.9592e-03,0.1
4.9600e-03,0.1
4.9608e-03,0.1
4.9616e-03,0.3
4.9624e-03,0.1
4.9632e-03,0.1
4.9640e-03,0.1
4.9648e-03,0.3
4.9656e-03,0.3
4.9664e-03,0.1
4.9672e-03,0.3
4.9680e-03,0.3
4.9688e-03,0.1
4.9696e-03,0.3
4.9704e-03,0.3
4.9712e-03,0.3
4.9720e-03,0.3
4.9728e-03,0.3
4.9736e-03,0.1
4.9744e-03,0.3
4.9752e-03,0.3
4.9760e-03,0.3
4.9768e-03,0.3
4.9776e-03,0.3
4.9784e-03,0.3
4.9792e-03,0.3
4.9800e-03,0.3
4.9808e-03,0.3
4.9816e-03,0.3
4.9824e-03,0.3
4.9832e-03,0.3
4.9840e-03,0.3
4.9848e-03,0.3
4.9856e-03,0.3
4.9864e-03,0.3
4.9872e-03,0.3
4.9880e-03,0.3
4.9888e-03,0.3
4.9896e-03,0.3
4.9904e-03,0.3
4.9912e-03,0.3
4.9920e-03,0.3
4.9928e-03,0.3
4.9936e-03,0.3
4.9944e-03,0.3
4.9952e-03,0.3
4.9960e-03,0.3
4.9968e-03,0.3
4.9976e-03,0.3
4.9984e-03,0.3
4.9992e-03,0.3
5.0000e-03,0.3
5.0008e-03,0.3
5.0016e-03,0.3
5.0024e-03,0.3
5.0032e-03,0.3
5.0040e-03,0.3
5.0048e-03,0.3
5.0056e-03,0.3
5.0064e-03,0.3
5.0072e-03,0.3
5.0080e-03,0.3
5.0088e-03,0.3
5.0096e-03,0.3
5.0104e-03,0.3
5.0112e-03,0.3
5.0120e-03,0.3
5.0128e-03,0.5
5.0136e-03,0.5
5.0144e-03,0.3
5.0152e-03,0.5
5.0160e-03,0.5
5.0168e-03,0.3
5.0176e-03,0.3
5.0184e-03,0.5
5.0192e-03,0.3
5.0200e-03,0.3
5.0208e-03,0.5
5.0216e-03,0.3
5.0224e-03,0.5
5.0232e-03,0.5
5.0240e-03,0.5
5.0248e-03,0.5
5.0256e-03,0.5
5.0264e-03,0.5
5.0272e-03,0.5
5.0280e-03,0.5
5.0288e-03,0.5
5.0296e-03,0.5
5.0304e-03,0.3
5.0312e-03,0.5
5.0320e-03,0.5
5.0328e-03,0.5
5.0336e-03,0.5
5.0344e-03,0.5
5.0352e-03,0.5
5.0360e-03,0.5
5.0368e-03,0.5
5.0376e-03,0.5
5.0384e-03,0.5
5.0392e-03,0.5
5.0400e-03,0.5
5.0408e-03,0.5
5.0416e-03,0.5
5.0424e-03,0.5
5.0432e-03,0.5
5.0440e-03,0.5
5.0448e-03,0.5
5.0456e-03,0.5
5.0464e-03,0.5
5.0472e-03,0.5
5.0480e-03,0.5
5.0488e-03,0.5
5.0496e-03,0.5
5.0504e-03,0.5
5.0512e-03,0.5
5.0520e-03,0.5
5.0528e-03,0.5
5.0536e-03,0.5
5.0544e-03,0.5
5.0552e-03,0.5
5.0560e-03,0.5
5.0568e-03,0.5
5.0576e-03,0.5
5.0584e-03,0.5
5.0592e-03,0.5
5.0600e-03,0.5
5.0608e-03,0.5
5.0616e-03,0.5
5.0624e-03,0.5
5.0632e-03,0.5
5.0640e-03,0.7
5.0648e-03,0.5
5.0656e-03,0.7
5.0664e-03,0.5
5.0672e-03,0.5
5.0680e-03,0.7
5.0688e-03,0.5
5.0696e-03,0.7
5.0704e-03,0.7
5.0712e-03,0.5
5.0720e-03,0.7
5.0728e-03,0.7
5.0736e-03,0.7
5.0744e-03,0.7
5.0752e-03,0.7
5.0760e-03,0.7
5.0768e-03,0.7
5.0776e-03,0.7
5.0784e-03,0.7
5.0792e-03,0.7
5.0800e-03,0.7
5.0808e-03,0.7
5.0816e-03,0.7
5.0824e-03,0.5
5.0832e-03,0.7
5.0840e-03,0.7
5.0848e-03,0.7
5.0856e-03,0.7
5.0864e-03,0.7
5.0872e-03,0.7
5.0880e-03,0.7
5.0888e-03,0.7
5.0896e-03,0.7
5.0904e-03,0.7
5.0912e-03,0.7
5.0920e-03,0.7
5.0928e-03,0.7
5.0936e-03,0.7
5.0944e-03,0.7
5.0952e-03,0.7
5.0960e-03,0.7
5.0968e-03,0.7
5.0976e-03,0.7
5.0984e-03,0.7
5.0992e-03,0.7
5.1000e-03,0.7
5.1008e-03,0.7
5.1016e-03,0.7
5.1024e-03,0.7
5.1032e-03,0.7
5.1040e-03,0.7
5.1048e-03,0.9
5.1056e-03,0.7
5.1064e-03,0.7
5.1072e-03,0.7
5.1080e-03,0.7
5.1088e-03,0.9
5.1096e-03,0.7
5.1104e-03,0.7
5.1112e-03,0.7
5.1120e-03,0.9
5.1128e-03,0.9
5.1136e-03,0.9
5.1144e-03,0.9
5.1152e-03,0.7
5.1160e-03,0.9
5.1168e-03,0.7
5.1176e-03,0.7
5.1184e-03,0.7
5.1192e-03,0.7
5.1200e-03,0.9
5.1208e-03,0.7
5.1216e-03,0.7
5.1224e-03,0.7
5.1232e-03,0.9
5.1240e-03,0.9
5.1248e-03,0.7
5.1256e-03,0.9
5.1264e-03,0.7
5.1272e-03,0.9
5.1280e-03,0.9
5.1288e-03,0.9
5.1296e-03,0.7
5.1304e-03,0.9
5.1312e-03,0.9
5.1320e-03,0.9
5.1328e-03,0.9
5.1336e-03,0.9
5.1344e-03,0.9
5.1352e-03,0.9
5.1360e-03,0.9
5.1368e-03,0.9
5.1376e-03,0.9
5.1384e-03,0.9
5.1392e-03,0.9
5.1400e-03,0.9
5.1408e-03,0.9
5.1416e-03,0.9
5.1424e-03,0.9
5.1432e-03,0.9
5.1440e-03,0.9
5.1448e-03,0.9
5.1456e-03,0.9
5.1464e-03,0.9
5.1472e-03,0.9
5.1480e-03,0.9
5.1488e-03,0.9
5.1496e-03,0.9
5.1504e-03,0.9
5.1512e-03,0.9
5.1520e-03,0.9
5.1528e-03,0.9
5.1536e-03,0.9
5.1544e-03,0.9
5.1552e-03,0.9
5.1560e-03,0.9
5.1568e-03,0.9
5.1576e-03,0.9
5.1584e-03,0.9
5.1592e-03,0.9
5.1600e-03,0.9
5.1608e-03,0.9
5.1616e-03,0.9
5.1624e-03,0.9
5.1632e-03,0.9
5.1640e-03,0.9
5.1648e-03,0.9
5.1656e-03,0.9
5.1664e-03,0.9
5.1672e-03,1.1
5.1680e-03,0.9
5.1688e-03,1.1
5.1696e-03,0.9
5.1704e-03,0.9
5.1712e-03,0.9
5.1720e-03,1.1
5.1728e-03,0.9
5.1736e-03,0.9
5.1744e-03,0.9
5.1752e-03,1.1
5.1760e-03,0.9
5.1768e-03,1.1
5.1776e-03,1.1
5.1784e-03,1.1
5.1792e-03,1.1
5.1800e-03,1.1
5.1808e-03,1.1
5.1816e-03,0.9
5.1824e-03,0.9
5.1832e-03,1.1
5.1840e-03,1.1
5.1848e-03,0.9
5.1856e-03,1.1
5.1864e-03,1.1
5.1872e-03,1.1
5.1880e-03,1.1
5.1888e-03,1.1
5.1896e-03,1.1
5.1904e-03,1.1
5.1912e-03,1.1
5.1920e-03,1.1
5.1928e-03,1.1
5.1936e-03,1.1
5.1944e-03,1.1
5.1952e-03,1.1
5.1960e-03,1.1
5.1968e-03,1.1
5.1976e-03,1.1
5.1984e-03,1.1
5.1992e-03,1.1
5.2000e-03,1.1
5.2008e-03,1.1
5.2016e-03,1.1
5.2024e-03,1.1
5.2032e-03,1.1
5.2040e-03,1.1
5.2048e-03,1.1
5.2056e-03,1.1
5.2064e-03,1.1
5.2072e-03,1.1
5.2080e-03,1.1
5.2088e-03,1.1
5.2096e-03,1.1
5.2104e-03,1.1
5.2112e-03,1.1
5.2120e-03,1.3
5.2128e-03,1.1
5.2136e-03,1.1
5.2144e-03,1.1
5.2152e-03,1.1
5.2160e-03,1.1
5.2168e-03,1.1
5.2176e-03,1.3
5.2184e-03,1.1
5.2192e-03,1.1
5.2200e-03,1.1
5.2208e-03,1.1
5.2216e-03,1.3
5.2224e-03,1.1
5.2232e-03,1.1
5.2240e-03,1.1
5.2248e-03,1.1
5.2256e-03,1.1
5.2264e-03,1.1
5.2272e-03,1.3
5.2280e-03,1.1
5.2288e-03,1.3
5.2296e-03,1.3
5.2304e-03,1.1
5.2312e-03,1.1
5.2320e-03,1.3
5.2328e-03,1.3
5.2336e-03,1.1
5.2344e-03,1.3
5.2352e-03,1.3
5.2360e-03,1.3
5.2368e-03,1.1
5.2376e-03,1.3
5.2384e-03,1.3
5.2392e-03,1.3
5.2400e-03,1.3
5.2408e-03,1.3
5.2416e-03,1.3
5.2424e-03,1.3
5.2432e-03,1.3
5.2440e-03,1.3
5.2448e-03,1.3
5.2456e-03,1.3
5.2464e-03,1.3
5.2472e-03,1.3
5.2480e-03,1.3
5.2488e-03,1.3
5.2496e-03,1.3
5.2504e-03,1.3
5.2512e-03,1.3
5.2520e-03,1.3
5.2528e-03,1.3
5.2536e-03,1.3
5.2544e-03,1.3
5.2552e-03,1.3
5.2560e-03,1.3
5.2568e-03,1.3
5.2576e-03,1.3
5.2584e-03,1.3
5.2592e-03,1.3
5.2600e-03,1.3
5.2608e-03,1.5
5.2616e-03,1.3
5.2624e-03,1.3
5.2632e-03,1.5
5.2640e-03,1.3
5.2648e-03,1.3
5.2656e-03,1.3
5.2664e-03,1.5
5.2672e-03,1.5
5.2680e-03,1.3
5.2688e-03,1.3
5.2696e-03,1.3
5.2704e-03,1.3
5.2712e-03,1.5
5.2720e-03,1.3
5.2728e-03,1.5
5.2736e-03,1.3
5.2744e-03,1.3
5.2752e-03,1.3
5.2760e-03,1.3
5.2768e-03,1.5
5.2776e-03,1.3
5.2784e-03,1.3
5.2792e-03,1.3
5.2800e-03,1.3
5.2808e-03,1.5
5.2816e-03,1.5
5.2824e-03,1.5
5.2832e-03,1.5
5.2840e-03,1.5
5.2848e-03,1.3
5.2856e-03,1.5
5.2864e-03,1.3
5.2872e-03,1.5
5.2880e-03,1.5
5.2888e-03,1.3
5.2896e-03,1.5
5.2904e-03,1.5
5.2912e-03,1.5
5.2920e-03,1.5
5.2928e-03,1.5
5.2936e-03,1.3
5.2944e-03,1.5
5.2952e-03,1.5
5.2960e-03,1.5
5.2968e-03,1.3
5.2976e-03,1.5
5.2984e-03,1.5
5.2992e-03,1.5
5.3000e-03,1.5
5.3008e-03,1.5
5.3016e-03,1.5
5.3024e-03,1.5
5.3032e-03,1.5
5.3040e-03,1.5
5.3048e-03,1.5
5.3056e-03,1.5
5.3064e-03,1.5
5.3072e-03,1.5
5.3080e-03,1.5
5.3088e-03,1.5
5.3096e-03,1.5
5.3104e-03,1.5
5.3112e-03,1.5
5.3120e-03,1.5
5.3128e-03,1.5
5.3136e-03,1.5
5.3144e-03,1.5
5.3152e-03,1.5
5.3160e-03,1.5
5.3168e-03,1.5
5.3176e-03,1.7
5.3184e-03,1.5
5.3192e-03,1.5
5.3200e-03,1.5
5.3208e-03,1.7
5.3216e-03,1.7
5.3224e-03,1.5
5.3232e-03,1.5
5.3240e-03,1.5
5.3248e-03,1.5
5.3256e-03,1.5
5.3264e-03,1.7
5.3272e-03,1.7
5.3280e-03,1.5
5.3288e-03,1.5
5.3296e-03,1.7
5.3304e-03,1.7
5.3312e-03,1.5
5.3320e-03,1.7
5.3328e-03,1.7
5.3336e-03,1.7
5.3344e-03,1.7
5.3352e-03,1.7
5.3360e-03,1.7
5.3368e-03,1.7
5.3376e-03,1.7
5.3384e-03,1.7
5.3392e-03,1.7
5.3400e-03,1.7
5.3408e-03,1.7
5.3416e-03,1.7
5.3424e-03,1.7
5.3432e-03,1.7
5.3440e-03,1.7
5.3448e-03,1.7
5.3456e-03,1.7
5.3464e-03,1.7
5.3472e-03,1.7
5.3480e-03,1.7
5.3488e-03,1.7
5.3496e-03,1.7
5.3504e-03,1.7
5.3512e-03,1.7
5.3520e-03,1.7
5.3528e-03,1.7
5.3536e-03,1.7
5.3544e-03,1.7
5.3552e-03,1.7
5.3560e-03,1.7
5.3568e-03,1.7
5.3576e-03,1.7
5.3584e-03,1.7
5.3592e-03,1.7
5.3600e-03,1.7
5.3608e-03,1.7
5.3616e-03,1.7
5.3624e-03,1.7
5.3632e-03,1.7
5.3640e-03,1.7
5.3648e-03,1.7
5.3656e-03,1.7
5.3664e-03,1.7
5.3672e-03,1.7
5.3680e-03,1.7
5.3688e-03,1.7
5.3696e-03,1.7
5.3704e-03,1.7
5.3712e-03,1.7
5.3720e-03,1.7
5.3728e-03,1.7
5.3736e-03,1.7
5.3744e-03,1.7
5.3752e-03,1.7
5.3760e-03,1.7
5.3768e-03,1.7
5.3776e-03,1.7
5.3784e-03,1.9
5.3792e-03,1.7
5.3800e-03,1.7
5.3808e-03,1.7
5.3816e-03,1.9
5.3824e-03,1.7
5.3832e-03,1.7
5.3840e-03,1.9
5.3848e-03,1.9
5.3856e-03,1.9
5.3864e-03,1.7
5.3872e-03,1.9
5.3880e-03,1.7
5.3888e-03,1.9
5.3896e-03,1.9
5.3904e-03,1.9
5.3912e-03,1.7
5.3920e-03,1.9
5.3928e-03,1.9
5.3936e-03,1.9
5.3944e-03,1.9
5.3952e-03,1.9
5.3960e-03,1.9
5.3968e-03,1.9
5.3976e-03,1.9
5.3984e-03,1.9
5.3992e-03,1.9
5.4000e-03,1.9
5.4008e-03,1.9
5.4016e-03,1.9
5.4024e-03,1.9
5.4032e-03,1.9
5.4040e-03,1.9
5.4048e-03,1.9
5.4056e-03,1.9
5.4064e-03,1.9
5.4072e-03,1.9
5.4080e-03,1.9
5.4088e-03,1.9
5.4096e-03,1.9
5.4104e-03,1.9
5.4112e-03,1.9
5.4120e-03,1.9
5.4128e-03,1.9
5.4136e-03,1.9
5.4144e-03,1.9
5.4152e-03,1.9
5.4160e-03,1.9
5.4168e-03,1.9
5.4176e-03,1.9
5.4184e-03,1.9
5.4192e-03,1.9
5.4200e-03,1.9
5.4208e-03,1.9
5.4216e-03,1.9
5.4224e-03,1.9
5.4232e-03,1.9
5.4240e-03,1.9
5.4248e-03,1.9
5.4256e-03,1.9
5.4264e-03,1.9
5.4272e-03,1.9
5.4280e-03,1.9
5.4288e-03,1.9
5.4296e-03,1.9
5.4304e-03,1.9
5.4312e-03,1.9
5.4320e-03,1.9
5.4328e-03,1.9
5.4336e-03,1.9
5.4344e-03,1.9
5.4352e-03,1.9
5.4360e-03,1.9
5.4368e-03,1.9
5.4376e-03,1.9
5.4384e-03,1.9
5.4392e-03,1.9
5.4400e-03,1.9
5.4408e-03,1.9
5.4416e-03,1.9
5.4424e-03,1.9
5.4432e-03,1.9
5.4440e-03,1.9
5.4448e-03,1.9
5.4456e-03,1.9
5.4464e-03,1.9
5.4472e-03,1.9
5.4480e-03,1.9
5.4488e-03,1.9
5.4496e-03,1.9
5.4504e-03,1.9
5.4512e-03,2.1
5.4520e-03,2.1
5.4528e-03,1.9
5.4536e-03,1.9
5.4544e-03,1.9
5.4552e-03,1.9
5.4560e-03,1.9
5.4568e-03,1.9
5.4576e-03,1.9
5.4584e-03,1.9
5.4592e-03,2.1
5.4600e-03,1.9
5.4608e-03,1.9
5.4616e-03,2.1
5.4624e-03,2.1
5.4632e-03,2.1
5.4640e-03,2.1
5.4648e-03,2.1
5.4656e-03,2.1
5.4664e-03,2.1
5.4672e-03,2.1
5.4680e-03,2.1
5.4688e-03,2.1
5.4696e-03,2.1
5.4704e-03,2.1
5.4712e-03,2.1
5.4720e-03,2.1
5.4728e-03,2.1
5.4736e-03,2.1
5.4744e-03,2.1
5.4752e-03,2.1
5.4760e-03,2.1
5.4768e-03,2.1
5.4776e-03,2.1
5.4784e-03,1.9
5.4792e-03,2.1
5.4800e-03,2.1
5.4808e-03,2.1
5.4816e-03,2.1
5.4824e-03,2.1
5.4832e-03,2.1
5.4840e-03,2.1
5.4848e-03,2.1
5.4856e-03,2.1
5.4864e-03,2.1
5.4872e-03,2.1
5.4880e-03,2.1
5.4888e-03,2.1
5.4896e-03,2.1
5.4904e-03,2.1
5.4912e-03,2.1
5.4920e-03,2.1
5.4928e-03,2.1
5.4936e-03,2.1
5.4944e-03,2.1
5.4952e-03,2.1
5.4960e-03,2.1
5.4968e-03,2.1
5.4976e-03,2.1
5.4984e-03,2.1
5.4992e-03,2.1
5.5000e-03,2.1
5.5008e-03,2.1
5.5016e-03,2.1
5.5024e-03,2.1
5.5032e-03,2.1
5.5040e-03,2.1
5.5048e-03,2.3
5.5056e-03,2.1
5.5064e-03,2.1
5.5072e-03,2.1
5.5080e-03,2.1
5.5088e-03,2.1
5.5096e-03,2.1
5.5104e-03,2.1
5.5112e-03,2.3
5.5120e-03,2.1
5.5128e-03,2.1
5.5136e-03,2.1
5.5144e-03,2.3
5.5152e-03,2.1
5.5160e-03,2.1
5.5168e-03,2.3
5.5176e-03,2.3
5.5184e-03,2.3
5.5192e-03,2.3
5.5200e-03,2.1
5.5208e-03,2.3
5.5216e-03,2.1
5.5224e-03,2.3
5.5232e-03,2.1
5.5240e-03,2.3
5.5248e-03,2.1
5.5256e-03,2.3
5.5264e-03,2.3
5.5272e-03,2.1
5.5280e-03,2.3
5.5288e-03,2.3
5.5296e-03,2.3
5.5304e-03,2.1
5.5312e-03,2.1
5.5320e-03,2.3
5.5328e-03,2.3
5.5336e-03,2.3
5.5344e-03,2.3
5.5352e-03,2.3
5.5360e-03,2.3
5.5368e-03,2.3
5.5376e-03,2.3
5.5384e-03,2.3
5.5392e-03,2.3
5.5400e-03,2.3
5.5408e-03,2.3
5.5416e-03,2.3
5.5424e-03,2.3
5.5432e-03,2.3
5.5440e-03,2.3
5.5448e-03,2.3
5.5456e-03,2.3
5.5464e-03,2.3
5.5472e-03,2.3
5.5480e-03,2.3
5.5488e-03,2.3
5.5496e-03,2.3
5.5504e-03,2.3
5.5512e-03,2.1
5.5520e-03,2.3
5.5528e-03,2.3
5.5536e-03,2.3
5.5544e-03,2.3
5.5552e-03,2.3
5.5560e-03,2.3
5.5568e-03,2.3
5.5576e-03,2.3
5.5584e-03,2.3
5.5592e-03,2.3
5.5600e-03,2.3
5.5608e-03,2.3
5.5616e-03,2.3
5.5624e-03,2.3
5.5632e-03,2.3
5.5640e-03,2.3
5.5648e-03,2.3
5.5656e-03,2.3
5.5664e-03,2.3
5.5672e-03,2.3
5.5680e-03,2.3
5.5688e-03,2.3
5.5696e-03,2.3
5.5704e-03,2.3
5.5712e-03,2.3
5.5720e-03,2.3
5.5728e-03,2.3
5.5736e-03,2.3
5.5744e-03,2.3
5.5752e-03,2.3
5.5760e-03,2.3
5.5768e-03,2.3
5.5776e-03,2.3
5.5784e-03,2.3
5.5792e-03,2.3
5.5800e-03,2.3
5.5808e-03,2.3
5.5816e-03,2.3
5.5824e-03,2.3
5.5832e-03,2.3
5.5840e-03,2.3
5.5848e-03,2.3
5.5856e-03,2.3
5.5864e-03,2.3
5.5872e-03,2.5
5.5880e-03,2.3
5.5888e-03,2.3
5.5896e-03,2.3
5.5904e-03,2.5
5.5912e-03,2.3
5.5920e-03,2.5
5.5928e-03,2.3
5.5936e-03,2.3
5.5944e-03,2.3
5.5952e-03,2.5
5.5960e-03,2.3
5.5968e-03,2.5
5.5976e-03,2.5
5.5984e-03,2.3
5.5992e-03,2.5
5.6000e-03,2.3
5.6008e-03,2.5
5.6016e-03,2.5
5.6024e-03,2.3
5.6032e-03,2.5
5.6040e-03,2.3
5.6048e-03,2.3
5.6056e-03,2.5
5.6064e-03,2.3
5.6072e-03,2.5
5.6080e-03,2.5
5.6088e-03,2.3
5.6096e-03,2.5
5.6104e-03,2.3
5.6112e-03,2.5
5.6120e-03,2.3
5.6128e-03,2.5
5.6136e-03,2.3
5.6144e-03,2.5
5.6152e-03,2.5
5.6160e-03,2.3
5.6168e-03,2.3
5.6176e-03,2.5
5.6184e-03,2.5
5.6192e-03,2.5
5.6200e-03,2.5
5.6208e-03,2.5
5.6216e-03,2.5
5.6224e-03,2.5
5.6232e-03,2.5
5.6240e-03,2.5
5.6248e-03,2.5
5.6256e-03,2.5
5.6264e-03,2.5
5.6272e-03,2.5
5.6280e-03,2.5
5.6288e-03,2.5
5.6296e-03,2.5
5.6304e-03,2.5
5.6312e-03,2.5
5.6320e-03,2.3
5.6328e-03,2.5
5.6336e-03,2.5
5.6344e-03,2.5
5.6352e-03,2.5
5.6360e-03,2.5
5.6368e-03,2.5
5.6376e-03,2.5
5.6384e-03,2.5
5.6392e-03,2.3
5.6400e-03,2.5
5.6408e-03,2.5
5.6416e-03,2.5
5.6424e-03,2.5
5.6432e-03,2.5
5.6440e-03,2.5
5.6448e-03,2.5
5.6456e-03,2.5
5.6464e-03,2.5
5.6472e-03,2.5
5.6480e-03,2.5
5.6488e-03,2.5
5.6496e-03,2.5
5.6504e-03,2.5
5.6512e-03,2.5
5.6520e-03,2.5
5.6528e-03,2.5
5.6536e-03,2.5
5.6544e-03,2.5
5.6552e-03,2.5
5.6560e-03,2.5
5.6568e-03,2.5
5.6576e-03,2.5
5.6584e-03,2.5
5.6592e-03,2.5
5.6600e-03,2.5
5.6608e-03,2.5
5.6616e-03,2.5
5.6624e-03,2.5
5.6632e-03,2.5
5.6640e-03,2.5
5.6648e-03,2.5
5.6656e-03,2.5
5.6664e-03,2.5
5.6672e-03,2.5
5.6680e-03,2.5
5.6688e-03,2.5
5.6696e-03,2.5
5.6704e-03,2.5
5.6712e-03,2.5
5.6720e-03,2.5
5.6728e-03,2.5
5.6736e-03,2.5
5.6744e-03,2.5
5.6752e-03,2.5
5.6760e-03,2.5
5.6768e-03,2.5
5.6776e-03,2.7
5.6784e-03,2.5
5.6792e-03,2.5
5.6800e-03,2.5
5.6808e-03,2.5
5.6816e-03,2.5
5.6824e-03,2.5
5.6832e-03,2.5
5.6840e-03,2.5
5.6848e-03,2.5
5.6856e-03,2.5
5.6864e-03,2.5
5.6872e-03,2.5
5.6880e-03,2.5
5.6888e-03,2.5
5.6896e-03,2.5
5.6904e-03,2.5
5.6912e-03,2.5
5.6920e-03,2.5
5.6928e-03,2.5
5.6936e-03,2.5
5.6944e-03,2.5
5.6952e-03,2.5
5.6960e-03,2.5
5.6968e-03,2.5
5.6976e-03,2.5
5.6984e-03,2.5
5.6992e-03,2.5
5.7000e-03,2.5
5.7008e-03,2.5
5.7016e-03,2.5
5.7024e-03,2.5
5.7032e-03,2.5
5.7040e-03,2.7
5.7048e-03,2.5
5.7056e-03,2.5
5.7064e-03,2.5
5.7072e-03,2.5
5.7080e-03,2.5
5.7088e-03,2.5
5.7096e-03,2.5
5.7104e-03,2.5
5.7112e-03,2.5
5.7120e-03,2.5
5.7128e-03,2.5
5.7136e-03,2.5
5.7144e-03,2.5
5.7152e-03,2.5
5.7160e-03,2.5
5.7168e-03,2.7
5.7176e-03,2.7
5.7184e-03,2.5
5.7192e-03,2.7
5.7200e-03,2.7
5.7208e-03,2.5
5.7216e-03,2.5
5.7224e-03,2.5
5.7232e-03,2.5
5.7240e-03,2.5
5.7248e-03,2.7
5.7256e-03,2.5
5.7264e-03,2.5
5.7272e-03,2.7
5.7280e-03,2.7
5.7288e-03,2.7
5.7296e-03,2.5
5.7304e-03,2.7
5.7312e-03,2.5
5.7320e-03,2.7
5.7328e-03,2.7
5.7336e-03,2.7
5.7344e-03,2.7
5.7352e-03,2.7
5.7360e-03,2.7
5.7368e-03,2.7
5.7376e-03,2.7
5.7384e-03,2.7
5.7392e-03,2.7
5.7400e-03,2.7
5.7408e-03,2.7
5.7416e-03,2.7
5.7424e-03,2.7
5.7432e-03,2.7
5.7440e-03,2.7
5.7448e-03,2.7
5.7456e-03,2.7
5.7464e-03,2.7
5.7472e-03,2.7
5.7480e-03,2.7
5.7488e-03,2.7
5.7496e-03,2.5
5.7504e-03,2.7
5.7512e-03,2.7
5.7520e-03,2.7
5.7528e-03,2.5
5.7536e-03,2.7
5.7544e-03,2.7
5.7552e-03,2.7
5.7560e-03,2.5
5.7568e-03,2.7
5.7576e-03,2.5
5.7584e-03,2.7
5.7592e-03,2.7
5.7600e-03,2.7
5.7608e-03,2.7
5.7616e-03,2.7
5.7624e-03,2.7
5.7632e-03,2.7
5.7640e-03,2.7
5.7648e-03,2.7
5.7656e-03,2.7
5.7664e-03,2.7
5.7672e-03,2.7
5.7680e-03,2.7
5.7688e-03,2.7
5.7696e-03,2.7
5.7704e-03,2.7
5.7712e-03,2.7
5.7720e-03,2.7
5.7728e-03,2.7
5.7736e-03,2.7
5.7744e-03,2.7
5.7752e-03,2.7
5.7760e-03,2.7
5.7768e-03,2.7
5.7776e-03,2.7
5.7784e-03,2.7
5.7792e-03,2.7
5.7800e-03,2.7
5.7808e-03,2.7
5.7816e-03,2.7
5.7824e-03,2.7
5.7832e-03,2.7
5.7840e-03,2.7
5.7848e-03,2.7
5.7856e-03,2.7
5.7864e-03,2.7
5.7872e-03,2.7
5.7880e-03,2.7
5.7888e-03,2.7
5.7896e-03,2.7
5.7904e-03,2.7
5.7912e-03,2.7
5.7920e-03,2.7
5.7928e-03,2.7
5.7936e-03,2.7
5.7944e-03,2.7
5.7952e-03,2.7
5.7960e-03,2.7
5.7968e-03,2.7
5.7976e-03,2.7
5.7984e-03,2.7
5.7992e-03,2.7
5.8000e-03,2.7
5.8008e-03,2.7
5.8016e-03,2.7
5.8024e-03,2.7
5.8032e-03,2.7
5.8040e-03,2.7
5.8048e-03,2.7
5.8056e-03,2.7
5.8064e-03,2.7
5.8072e-03,2.7
5.8080e-03,2.7
5.8088e-03,2.7
5.8096e-03,2.7
5.8104e-03,2.7
5.8112e-03,2.7
5.8120e-03,2.7
5.8128e-03,2.7
5.8136e-03,2.7
5.8144e-03,2.7
5.8152e-03,2.7
5.8160e-03,2.7
5.8168e-03,2.7
5.8176e-03,2.7
5.8184e-03,2.7
5.8192e-03,2.7
5.8200e-03,2.7
5.8208e-03,2.7
5.8216e-03,2.7
5.8224e-03,2.7
5.8232e-03,2.7
5.8240e-03,2.7
5.8248e-03,2.7
5.8256e-03,2.7
5.8264e-03,2.7
5.8272e-03,2.7
5.8280e-03,2.7
5.8288e-03,2.7
5.8296e-03,2.7
5.8304e-03,2.7
5.8312e-03,2.7
5.8320e-03,2.7
5.8328e-03,2.7
5.8336e-03,2.7
5.8344e-03,2.7
5.8352e-03,2.7
5.8360e-03,2.7
5.8368e-03,2.7
5.8376e-03,2.7
5.8384e-03,2.7
5.8392e-03,2.7
5.8400e-03,2.7
5.8408e-03,2.7
5.8416e-03,2.7
5.8424e-03,2.7
5.8432e-03,2.7
5.8440e-03,2.7
5.8448e-03,2.7
5.8456e-03,2.7
5.8464e-03,2.7
5.8472e-03,2.7
5.8480e-03,2.7
5.8488e-03,2.7
5.8496e-03,2.7
5.8504e-03,2.9
5.8512e-03,2.7
5.8520e-03,2.7
5.8528e-03,2.7
5.8536e-03,2.7
5.8544e-03,2.7
5.8552e-03,2.7
5.8560e-03,2.7
5.8568e-03,2.7
5.8576e-03,2.7
5.8584e-03,2.7
5.8592e-03,2.9
5.8600e-03,2.9
5.8608e-03,2.7
5.8616e-03,2.7
5.8624e-03,2.7
5.8632e-03,2.7
5.8640e-03,2.7
5.8648e-03,2.7
5.8656e-03,2.7
5.8664e-03,2.7
5.8672e-03,2.7
5.8680e-03,2.9
5.8688e-03,2.7
5.8696e-03,2.7
5.8704e-03,2.7
5.8712e-03,2.7
5.8720e-03,2.7
5.8728e-03,2.7
5.8736e-03,2.7
5.8744e-03,2.7
5.8752e-03,2.7
5.8760e-03,2.7
5.8768e-03,2.7
5.8776e-03,2.7
5.8784e-03,2.7
5.8792e-03,2.7
5.8800e-03,2.7
5.8808e-03,2.7
5.8816e-03,2.7
5.8824e-03,2.7
5.8832e-03,2.7
5.8840e-03,2.9
5.8848e-03,2.7
5.8856e-03,2.7
5.8864e-03,2.7
5.8872e-03,2.9
5.8880e-03,2.7
5.8888e-03,2.7
5.8896e-03,2.7
5.8904e-03,2.7
5.8912e-03,2.7
5.8920e-03,2.9
5.8928e-03,2.7
5.8936e-03,2.7
5.8944e-03,2.9
5.8952e-03,2.7
5.8960e-03,2.7
5.8968e-03,2.7
5.8976e-03,2.7
5.8984e-03,2.7
5.8992e-03,2.7
5.9000e-03,2.7
5.9008e-03,2.7
5.9016e-03,2.7
5.9024e-03,2.7
5.9032e-03,2.9
5.9040e-03,2.7
5.9048e-03,2.7
5.9056e-03,2.7
5.9064e-03,2.7
5.9072e-03,2.7
5.9080e-03,2.7
5.9088e-03,2.7
5.9096e-03,2.7
5.9104e-03,2.7
5.9112e-03,2.7
5.9120e-03,2.7
5.9128e-03,2.7
5.9136e-03,2.7
5.9144e-03,2.7
5.9152e-03,2.7
5.9160e-03,2.7
5.9168e-03,2.7
5.9176e-03,2.7
5.9184e-03,2.7
5.9192e-03,2.7
5.9200e-03,2.7
5.9208e-03,2.7
5.9216e-03,2.7
5.9224e-03,2.7
5.9232e-03,2.7
5.9240e-03,2.7
5.9248e-03,2.7
5.9256e-03,2.7
5.9264e-03,2.7
5.9272e-03,2.7
5.9280e-03,2.7
5.9288e-03,2.7
5.9296e-03,2.7
5.9304e-03,2.7
5.9312e-03,2.7
5.9320e-03,2.7
5.9328e-03,2.7
5.9336e-03,2.7
5.9344e-03,2.7
5.9352e-03,2.7
5.9360e-03,2.7
5.9368e-03,2.7
5.9376e-03,2.7
5.9384e-03,2.7
5.9392e-03,2.7
5.9400e-03,2.7
5.9408e-03,2.7
5.9416e-03,2.7
5.9424e-03,2.7
5.9432e-03,2.7
5.9440e-03,2.7
5.9448e-03,2.7
5.9456e-03,2.7
5.9464e-03,2.7
5.9472e-03,2.7
5.9480e-03,2.7
5.9488e-03,2.7
5.9496e-03,2.7
5.9504e-03,2.7
5.9512e-03,2.7
5.9520e-03,2.7
5.9528e-03,2.7
5.9536e-03,2.7
5.9544e-03,2.7
5.9552e-03,2.7
5.9560e-03,2.7
5.9568e-03,2.7
5.9576e-03,2.7
5.9584e-03,2.7
5.9592e-03,2.7
5.9600e-03,2.7
5.9608e-03,2.7
5.9616e-03,2.7
5.9624e-03,2.7
5.9632e-03,2.7
5.9640e-03,2.7
5.9648e-03,2.7
5.9656e-03,2.7
5.9664e-03,2.7
5.9672e-03,2.7
5.9680e-03,2.7
5.9688e-03,2.5
5.9696e-03,2.7
5.9704e-03,2.7
5.9712e-03,2.7
5.9720e-03,2.7
5.9728e-03,2.7
5.9736e-03,2.7
5.9744e-03,2.5
5.9752e-03,2.7
5.9760e-03,2.7
5.9768e-03,2.7
5.9776e-03,2.7
5.9784e-03,2.7
5.9792e-03,2.7
5.9800e-03,2.7
5.9808e-03,2.7
5.9816e-03,2.7
5.9824e-03,2.7
5.9832e-03,2.7
5.9840e-03,2.7
5.9848e-03,2.7
5.9856e-03,2.7
5.9864e-03,2.7
5.9872e-03,2.7
5.9880e-03,2.7
5.9888e-03,2.7
5.9896e-03,2.7
5.9904e-03,2.7
5.9912e-03,2.7
5.9920e-03,2.7
5.9928e-03,2.7
5.9936e-03,2.7
5.9944e-03,2.7
5.9952e-03,2.7
5.9960e-03,2.7
5.9968e-03,2.7
5.9976e-03,2.7
5.9984e-03,2.7
5.9992e-03,2.7
6.0000e-03,2.7
6.0008e-03,2.7
6.0016e-03,2.7
6.0024e-03,2.7
6.0032e-03,2.7
6.0040e-03,2.7
6.0048e-03,2.7
6.0056e-03,2.7
6.0064e-03,2.7
6.0072e-03,2.5
6.0080e-03,2.7
6.0088e-03,2.7
6.0096e-03,2.7
6.0104e-03,2.7
6.0112e-03,2.7
6.0120e-03,2.7
6.0128e-03,2.7
6.0136e-03,2.7
6.0144e-03,2.7
6.0152e-03,2.7
6.0160e-03,2.7
6.0168e-03,2.7
6.0176e-03,2.7
6.0184e-03,2.5
6.0192e-03,2.5
6.0200e-03,2.7
6.0208e-03,2.5
6.0216e-03,2.5
6.0224e-03,2.7
6.0232e-03,2.5
6.0240e-03,2.5
6.0248e-03,2.5
6.0256e-03,2.5
6.0264e-03,2.5
6.0272e-03,2.5
6.0280e-03,2.7
6.0288e-03,2.7
6.0296e-03,2.7
6.0304e-03,2.5
6.0312e-03,2.7
6.0320e-03,2.7
6.0328e-03,2.5
6.0336e-03,2.5
6.0344e-03,2.7
6.0352e-03,2.5
6.0360e-03,2.7
6.0368e-03,2.7
6.0376e-03,2.7
6.0384e-03,2.7
6.0392e-03,2.5
6.0400e-03,2.5
6.0408e-03,2.5
6.0416e-03,2.5
6.0424e-03,2.5
6.0432e-03,2.5
6.0440e-03,2.5
6.0448e-03,2.5
6.0456e-03,2.7
6.0464e-03,2.5
6.0472e-03,2.5
6.0480e-03,2.5
6.0488e-03,2.5
6.0496e-03,2.5
6.0504e-03,2.7
6.0512e-03,2.5
6.0520e-03,2.5
6.0528e-03,2.5
6.0536e-03,2.5
6.0544e-03,2.5
6.0552e-03,2.5
6.0560e-03,2.5
6.0568e-03,2.5
6.0576e-03,2.5
6.0584e-03,2.5
6.0592e-03,2.5
6.0600e-03,2.5
6.0608e-03,2.5
6.0616e-03,2.5
6.0624e-03,2.5
6.0632e-03,2.5
6.0640e-03,2.5
6.0648e-03,2.5
6.0656e-03,2.5
6.0664e-03,2.5
6.0672e-03,2.5
6.0680e-03,2.5
6.0688e-03,2.5
6.0696e-03,2.5
6.0704e-03,2.5
6.0712e-03,2.5
6.0720e-03,2.5
6.0728e-03,2.5
6.0736e-03,2.5
6.0744e-03,2.5
6.0752e-03,2.5
6.0760e-03,2.5
6.0768e-03,2.5
6.0776e-03,2.5
6.0784e-03,2.5
6.0792e-03,2.5
6.0800e-03,2.5
6.0808e-03,2.5
6.0816e-03,2.5
6.0824e-03,2.5
6.0832e-03,2.5
6.0840e-03,2.5
6.0848e-03,2.5
6.0856e-03,2.5
6.0864e-03,2.5
6.0872e-03,2.5
6.0880e-03,2.5
6.0888e-03,2.5
6.0896e-03,2.5
6.0904e-03,2.5
6.0912e-03,2.5
6.0920e-03,2.5
6.0928e-03,2.5
6.0936e-03,2.5
6.0944e-03,2.5
6.0952e-03,2.5
6.0960e-03,2.5
6.0968e-03,2.5
6.0976e-03,2.5
6.0984e-03,2.5
6.0992e-03,2.5
6.1000e-03,2.5
6.1008e-03,2.5
6.1016e-03,2.5
6.1024e-03,2.5
6.1032e-03,2.5
6.1040e-03,2.5
6.1048e-03,2.5
6.1056e-03,2.5
6.1064e-03,2.5
6.1072e-03,2.5
6.1080e-03,2.5
6.1088e-03,2.5
6.1096e-03,2.3
6.1104e-03,2.5
6.1112e-03,2.5
6.1120e-03,2.5
6.1128e-03,2.5
6.1136e-03,2.5
6.1144e-03,2.5
6.1152e-03,2.5
6.1160e-03,2.5
6.1168e-03,2.3
6.1176e-03,2.5
6.1184e-03,2.5
6.1192e-03,2.3
6.1200e-03,2.3
6.1208e-03,2.5
6.1216e-03,2.5
6.1224e-03,2.5
6.1232e-03,2.3
6.1240e-03,2.3
6.1248e-03,2.5
6.1256e-03,2.3
6.1264e-03,2.3
6.1272e-03,2.3
6.1280e-03,2.5
6.1288e-03,2.5
6.1296e-03,2.5
6.1304e-03,2.5
6.1312e-03,2.3
6.1320e-03,2.5
6.1328e-03,2.3
6.1336e-03,2.3
6.1344e-03,2.5
6.1352e-03,2.3
6.1360e-03,2.5
6.1368e-03,2.3
6.1376e-03,2.5
6.1384e-03,2.5
6.1392e-03,2.5
6.1400e-03,2.5
6.1408e-03,2.3
6.1416e-03,2.5
6.1424e-03,2.5
6.1432e-03,2.5
6.1440e-03,2.5
6.1448e-03,2.5
6.1456e-03,2.3
6.1464e-03,2.3
6.1472e-03,2.3
6.1480e-03,2.3
6.1488e-03,2.3
6.1496e-03,2.5
6.1504e-03,2.3
6.1512e-03,2.5
6.1520e-03,2.3
6.1528e-03,2.3
6.1536e-03,2.3
6.1544e-03,2.3
6.1552e-03,2.3
6.1560e-03,2.3
6.1568e-03,2.3
6.1576e-03,2.3
6.1584e-03,2.3
6.1592e-03,2.3
6.1600e-03,2.3
6.1608e-03,2.3
6.1616e-03,2.3
6.1624e-03,2.3
6.1632e-03,2.3
6.1640e-03,2.3
6.1648e-03,2.3
6.1656e-03,2.3
6.1664e-03,2.3
6.1672e-03,2.3
6.1680e-03,2.3
6.1688e-03,2.3
6.1696e-03,2.3
6.1704e-03,2.3
6.1712e-03,2.3
6.1720e-03,2.3
6.1728e-03,2.3
6.1736e-03,2.3
6.1744e-03,2.3
6.1752e-03,2.3
6.1760e-03,2.3
6.1768e-03,2.3
6.1776e-03,2.3
6.1784e-03,2.3
6.1792e-03,2.3
6.1800e-03,2.3
6.1808e-03,2.3
6.1816e-03,2.3
6.1824e-03,2.3
6.1832e-03,2.3
6.1840e-03,2.3
6.1848e-03,2.3
6.1856e-03,2.3
6.1864e-03,2.3
6.1872e-03,2.3
6.1880e-03,2.3
6.1888e-03,2.3
6.1896e-03,2.3
6.1904e-03,2.3
6.1912e-03,2.3
6.1920e-03,2.3
6.1928e-03,2.3
6.1936e-03,2.3
6.1944e-03,2.3
6.1952e-03,2.3
6.1960e-03,2.1
6.1968e-03,2.3
6.1976e-03,2.3
6.1984e-03,2.3
6.1992e-03,2.3
6.2000e-03,2.3
6.2008e-03,2.3
6.2016e-03,2.3
6.2024e-03,2.3
6.2032e-03,2.3
6.2040e-03,2.3
6.2048e-03,2.1
6.2056e-03,2.3
6.2064e-03,2.3
6.2072e-03,2.3
6.2080e-03,2.3
6.2088e-03,2.3
6.2096e-03,2.3
6.2104e-03,2.3
6.2112e-03,2.1
6.2120e-03,2.3
6.2128e-03,2.3
6.2136e-03,2.3
6.2144e-03,2.3
6.2152e-03,2.3
6.2160e-03,2.1
6.2168e-03,2.1
6.2176e-03,2.1
6.2184e-03,2.3
6.2192e-03,2.1
6.2200e-03,2.1
6.2208e-03,2.3
6.2216e-03,2.1
6.2224e-03,2.1
6.2232e-03,2.1
6.2240e-03,2.1
6.2248e-03,2.1
6.2256e-03,2.1
6.2264e-03,2.1
6.2272e-03,2.1
6.2280e-03,2.1
6.2288e-03,2.1
6.2296e-03,2.1
6.2304e-03,2.1
6.2312e-03,2.1
6.2320e-03,2.1
6.2328e-03,2.1
6.2336e-03,2.1
6.2344e-03,2.1
6.2352e-03,2.1
6.2360e-03,2.1
6.2368e-03,2.1
6.2376e-03,2.1
6.2384e-03,2.1
6.2392e-03,2.1
6.2400e-03,2.1
6.2408e-03,2.1
6.2416e-03,2.1
6.2424e-03,2.1
6.2432e-03,2.1
6.2440e-03,2.1
6.2448e-03,2.1
6.2456e-03,2.1
6.2464e-03,2.1
6.2472e-03,2.1
6.2480e-03,2.1
6.2488e-03,2.1
6.2496e-03,2.1
6.2504e-03,2.1
6.2512e-03,2.1
6.2520e-03,2.1
6.2528e-03,2.1
6.2536e-03,2.1
6.2544e-03,2.1
6.2552e-03,2.1
6.2560e-03,2.1
6.2568e-03,2.1
6.2576e-03,2.1
6.2584e-03,2.1
6.2592e-03,2.1
6.2600e-03,2.1
6.2608e-03,1.9
6.2616e-03,2.1
6.2624e-03,2.1
6.2632e-03,2.1
6.2640e-03,2.1
6.2648e-03,2.1
6.2656e-03,2.1
6.2664e-03,2.1
6.2672e-03,2.1
6.2680e-03,2.1
6.2688e-03,2.1
6.2696e-03,2.1
6.2704e-03,2.1
6.2712e-03,2.1
6.2720e-03,2.1
6.2728e-03,2.1
6.2736e-03,2.1
6.2744e-03,2.1
6.2752e-03,2.1
6.2760e-03,1.9
6.2768e-03,2.1
6.2776e-03,2.1
6.2784e-03,2.1
6.2792e-03,2.1
6.2800e-03,2.1
6.2808e-03,2.1
6.2816e-03,2.1
6.2824e-03,2.1
6.2832e-03,2.1
6.2840e-03,2.1
6.2848e-03,2.1
6.2856e-03,2.1
6.2864e-03,2.1
6.2872e-03,2.1
6.2880e-03,2.1
6.2888e-03,2.1
6.2896e-03,1.9
6.2904e-03,1.9
6.2912e-03,1.9
6.2920e-03,1.9
6.2928e-03,1.9
6.2936e-03,1.9
6.2944e-03,1.9
6.2952e-03,1.9
6.2960e-03,1.9
6.2968e-03,1.9
6.2976e-03,1.9
6.2984e-03,1.9
6.2992e-03,1.9
6.3000e-03,1.9
6.3008e-03,1.9
6.3016e-03,1.9
6.3024e-03,1.9
6.3032e-03,1.9
6.3040e-03,1.9
6.3048e-03,1.9
6.3056e-03,1.9
6.3064e-03,1.9
6.3072e-03,1.9
6.3080e-03,1.9
6.3088e-03,1.9
6.3096e-03,1.9
6.3104e-03,1.9
6.3112e-03,1.9
6.3120e-03,1.9
6.3128e-03,1.9
6.3136e-03,1.9
6.3144e-03,1.9
6.3152e-03,1.9
6.3160e-03,1.9
6.3168e-03,1.9
6.3176e-03,1.9
6.3184e-03,1.9
6.3192e-03,1.9
6.3200e-03,1.9
6.3208e-03,1.9
6.3216e-03,1.9
6.3224e-03,1.9
6.3232e-03,1.9
6.3240e-03,1.9
6.3248e-03,1.9
6.3256e-03,1.9
6.3264e-03,1.9
6.3272e-03,1.9
6.3280e-03,1.9
6.3288e-03,1.9
6.3296e-03,1.9
6.3304e-03,1.9
6.3312e-03,1.9
6.3320e-03,1.9
6.3328e-03,1.9
6.3336e-03,1.9
6.3344e-03,1.9
6.3352e-03,1.9
6.3360e-03,1.9
6.3368e-03,1.9
6.3376e-03,1.9
6.3384e-03,1.7
6.3392e-03,1.9
6.3400e-03,1.9
6.3408e-03,1.9
6.3416e-03,1.7
6.3424e-03,1.7
6.3432e-03,1.9
6.3440e-03,1.9
6.3448e-03,1.7
6.3456e-03,1.9
6.3464e-03,1.9
6.3472e-03,1.9
6.3480e-03,1.9
6.3488e-03,1.7
6.3496e-03,1.9
6.3504e-03,1.7
6.3512e-03,1.9
6.3520e-03,1.7
6.3528e-03,1.7
6.3536e-03,1.7
6.3544e-03,1.7
6.3552e-03,1.9
6.3560e-03,1.7
6.3568e-03,1.7
6.3576e-03,1.7
6.3584e-03,1.7
6.3592e-03,1.7
6.3600e-03,1.7
6.3608e-03,1.7
6.3616e-03,1.7
6.3624e-03,1.7
6.3632e-03,1.7
6.3640e-03,1.7
6.3648e-03,1.7
6.3656e-03,1.7
6.3664e-03,1.7
6.3672e-03,1.7
6.3680e-03,1.7
6.3688e-03,1.7
6.3696e-03,1.7
6.3704e-03,1.7
6.3712e-03,1.7
6.3720e-03,1.7
6.3728e-03,1.7
6.3736e-03,1.7
6.3744e-03,1.7
6.3752e-03,1.7
6.3760e-03,1.7
6.3768e-03,1.9
6.3776e-03,1.7
6.3784e-03,1.7
6.3792e-03,1.7
6.3800e-03,1.7
6.3808e-03,1.7
6.3816e-03,1.7
6.3824e-03,1.7
6.3832e-03,1.7
6.3840e-03,1.7
6.3848e-03,1.7
6.3856e-03,1.7
6.3864e-03,1.7
6.3872e-03,1.7
6.3880e-03,1.7
6.3888e-03,1.7
6.3896e-03,1.7
6.3904e-03,1.7
6.3912e-03,1.7
6.3920e-03,1.7
6.3928e-03,1.7
6.3936e-03,1.7
6.3944e-03,1.7
6.3952e-03,1.7
6.3960e-03,1.7
6.3968e-03,1.7
6.3976e-03,1.7
6.3984e-03,1.7
6.3992e-03,1.5
6.4000e-03,1.7
6.4008e-03,1.7
6.4016e-03,1.5
6.4024e-03,1.7
6.4032e-03,1.7
6.4040e-03,1.5
6.4048e-03,1.5
6.4056e-03,1.7
6.4064e-03,1.5
6.4072e-03,1.5
6.4080e-03,1.7
6.4088e-03,1.5
6.4096e-03,1.5
6.4104e-03,1.7
6.4112e-03,1.5
6.4120e-03,1.7
6.4128e-03,1.5
6.4136e-03,1.5
6.4144e-03,1.5
6.4152e-03,1.5
6.4160e-03,1.5
6.4168e-03,1.5
6.4176e-03,1.5
6.4184e-03,1.5
6.4192e-03,1.5
6.4200e-03,1.5
6.4208e-03,1.5
6.4216e-03,1.5
6.4224e-03,1.5
6.4232e-03,1.5
6.4240e-03,1.5
6.4248e-03,1.5
6.4256e-03,1.5
6.4264e-03,1.5
6.4272e-03,1.5
6.4280e-03,1.5
6.4288e-03,1.5
6.4296e-03,1.5
6.4304e-03,1.5
6.4312e-03,1.5
6.4320e-03,1.5
6.4328e-03,1.5
6.4336e-03,1.5
6.4344e-03,1.5
6.4352e-03,1.5
6.4360e-03,1.5
6.4368e-03,1.5
6.4376e-03,1.5
6.4384e-03,1.5
6.4392e-03,1.5
6.4400e-03,1.5
6.4408e-03,1.5
6.4416e-03,1.5
6.4424e-03,1.5
6.4432e-03,1.5
6.4440e-03,1.3
6.4448e-03,1.5
6.4456e-03,1.5
6.4464e-03,1.5
6.4472e-03,1.5
6.4480e-03,1.5
6.4488e-03,1.3
6.4496e-03,1.5
6.4504e-03,1.5
6.4512e-03,1.5
6.4520e-03,1.5
6.4528e-03,1.3
6.4536e-03,1.5
6.4544e-03,1.5
6.4552e-03,1.3
6.4560e-03,1.5
6.4568e-03,1.3
6.4576e-03,1.5
6.4584e-03,1.5
6.4592e-03,1.3
6.4600e-03,1.3
6.4608e-03,1.3
6.4616e-03,1.3
6.4624e-03,1.5
6.4632e-03,1.5
6.4640e-03,1.3
6.4648e-03,1.3
6.4656e-03,1.3
6.4664e-03,1.3
6.4672e-03,1.3
6.4680e-03,1.3
6.4688e-03,1.3
6.4696e-03,1.3
6.4704e-03,1.3
6.4712e-03,1.3
6.4720e-03,1.3
6.4728e-03,1.3
6.4736e-03,1.3
6.4744e-03,1.3
6.4752e-03,1.3
6.4760e-03,1.3
6.4768e-03,1.3
6.4776e-03,1.3
6.4784e-03,1.3
6.4792e-03,1.3
6.4800e-03,1.3
6.4808e-03,1.3
6.4816e-03,1.3
6.4824e-03,1.3
6.4832e-03,1.3
6.4840e-03,1.3
6.4848e-03,1.3
6.4856e-03,1.3
6.4864e-03,1.3
6.4872e-03,1.3
6.4880e-03,1.3
6.4888e-03,1.3
6.4896e-03,1.3
6.4904e-03,1.3
6.4912e-03,1.3
6.4920e-03,1.3
6.4928e-03,1.3
6.4936e-03,1.3
6.4944e-03,1.3
6.4952e-03,1.3
6.4960e-03,1.3
6.4968e-03,1.3
6.4976e-03,1.3
6.4984e-03,1.3
6.4992e-03,1.3
6.5000e-03,1.3
6.5008e-03,1.3
6.5016e-03,1.1
6.5024e-03,1.3
6.5032e-03,1.3
6.5040e-03,1.1
6.5048e-03,1.3
6.5056e-03,1.3
6.5064e-03,1.1
6.5072e-03,1.1
6.5080e-03,1.1
6.5088e-03,1.3
6.5096e-03,1.3
6.5104e-03,1.3
6.5112e-03,1.3
6.5120e-03,1.3
6.5128e-03,1.3
6.5136e-03,1.1
6.5144e-03,1.3
6.5152e-03,1.1
6.5160e-03,1.1
6.5168e-03,1.1
6.5176e-03,1.1
6.5184e-03,1.1
6.5192e-03,1.1
6.5200e-03,1.1
6.5208e-03,1.1
6.5216e-03,1.1
6.5224e-03,1.1
6.5232e-03,1.1
6.5240e-03,1.1
6.5248e-03,1.1
6.5256e-03,1.1
6.5264e-03,1.1
6.5272e-03,1.1
6.5280e-03,1.1
6.5288e-03,1.1
6.5296e-03,1.1
6.5304e-03,1.1
6.5312e-03,1.1
6.5320e-03,1.1
6.5328e-03,1.1
6.5336e-03,1.1
6.5344e-03,1.1
6.5352e-03,1.1
6.5360e-03,1.1
6.5368e-03,1.1
6.5376e-03,1.1
6.5384e-03,1.1
6.5392e-03,1.1
6.5400e-03,1.1
6.5408e-03,1.1
6.5416e-03,1.1
6.5424e-03,1.1
6.5432e-03,1.1
6.5440e-03,1.1
6.5448e-03,1.1
6.5456e-03,1.1
6.5464e-03,1.1
6.5472e-03,0.9
6.5480e-03,1.1
6.5488e-03,1.1
6.5496e-03,0.9
6.5504e-03,1.1
6.5512e-03,0.9
6.5520e-03,1.1
6.5528e-03,1.1
6.5536e-03,1.1
6.5544e-03,0.9
6.5552e-03,1.1
6.5560e-03,1.1
6.5568e-03,1.1
6.5576e-03,1.1
6.5584e-03,1.1
6.5592e-03,1.1
6.5600e-03,1.1
6.5608e-03,0.9
6.5616e-03,0.9
6.5624e-03,0.9
6.5632e-03,0.9
6.5640e-03,0.9
6.5648e-03,1.1
6.5656e-03,0.9
6.5664e-03,0.9
6.5672e-03,0.9
6.5680e-03,0.9
6.5688e-03,0.9
6.5696e-03,0.9
6.5704e-03,0.9
6.5712e-03,0.9
6.5720e-03,0.9
6.5728e-03,1.1
6.5736e-03,0.9
6.5744e-03,0.9
6.5752e-03,0.9
6.5760e-03,0.9
6.5768e-03,0.9
6.5776e-03,0.9
6.5784e-03,0.9
6.5792e-03,0.9
6.5800e-03,0.9
6.5808e-03,0.9
6.5816e-03,0.9
6.5824e-03,0.9
6.5832e-03,0.9
6.5840e-03,0.9
6.5848e-03,0.9
6.5856e-03,0.9
6.5864e-03,0.9
6.5872e-03,0.9
6.5880e-03,0.9
6.5888e-03,0.9
6.5896e-03,0.9
6.5904e-03,0.9
6.5912e-03,0.9
6.5920e-03,0.9
6.5928e-03,0.9
6.5936e-03,0.9
6.5944e-03,0.9
6.5952e-03,0.9
6.5960e-03,0.9
6.5968e-03,0.9
6.5976e-03,0.7
6.5984e-03,0.9
6.5992e-03,0.9
6.6000e-03,0.9
6.6008e-03,0.9
6.6016e-03,0.9
6.6024e-03,0.9
6.6032e-03,0.9
6.6040e-03,0.9
6.6048e-03,0.7
6.6056e-03,0.7
6.6064e-03,0.7
6.6072e-03,0.9
6.6080e-03,0.9
6.6088e-03,0.7
6.6096e-03,0.9
6.6104e-03,0.9
6.6112e-03,0.7
6.6120e-03,0.9
6.6128e-03,0.7
6.6136e-03,0.7
6.6144e-03,0.7
6.6152e-03,0.9
6.6160e-03,0.9
6.6168e-03,0.7
6.6176e-03,0.7
6.6184e-03,0.7
6.6192e-03,0.7
6.6200e-03,0.7
6.6208e-03,0.7
6.6216e-03,0.7
6.6224e-03,0.7
6.6232e-03,0.9
6.6240e-03,0.7
6.6248e-03,0.9
6.6256e-03,0.7
6.6264e-03,0.7
6.6272e-03,0.7
6.6280e-03,0.7
6.6288e-03,0.7
6.6296e-03,0.7
6.6304e-03,0.7
6.6312e-03,0.7
6.6320e-03,0.7
6.6328e-03,0.7
6.6336e-03,0.7
6.6344e-03,0.7
6.6352e-03,0.7
6.6360e-03,0.7
6.6368e-03,0.7
6.6376e-03,0.7
6.6384e-03,0.7
6.6392e-03,0.7
6.6400e-03,0.7
6.6408e-03,0.7
6.6416e-03,0.7
6.6424e-03,0.7
6.6432e-03,0.7
6.6440e-03,0.7
6.6448e-03,0.7
6.6456e-03,0.7
6.6464e-03,0.7
6.6472e-03,0.7
6.6480e-03,0.7
6.6488e-03,0.7
6.6496e-03,0.7
6.6504e-03,0.7
6.6512e-03,0.5
6.6520e-03,0.7
6.6528e-03,0.7
6.6536e-03,0.7
6.6544e-03,0.7
6.6552e-03,0.7
6.6560e-03,0.7
6.6568e-03,0.7
6.6576e-03,0.7
6.6584e-03,0.7
6.6592e-03,0.7
6.6600e-03,0.7
6.6608e-03,0.7
6.6616e-03,0.7
6.6624e-03,0.7
6.6632e-03,0.5
6.6640e-03,0.7
6.6648e-03,0.7
6.6656e-03,0.5
6.6664e-03,0.5
6.6672e-03,0.7
6.6680e-03,0.7
6.6688e-03,0.7
6.6696e-03,0.7
6.6704e-03,0.7
6.6712e-03,0.7
6.6720e-03,0.5
6.6728e-03,0.5
6.6736e-03,0.5
6.6744e-03,0.5
6.6752e-03,0.5
6.6760e-03,0.5
6.6768e-03,0.5
6.6776e-03,0.5
6.6784e-03,0.5
6.6792e-03,0.5
6.6800e-03,0.5
6.6808e-03,0.5
6.6816e-03,0.5
6.6824e-03,0.5
6.6832e-03,0.5
6.6840e-03,0.5
6.6848e-03,0.5
6.6856e-03,0.5
6.6864e-03,0.5
6.6872e-03,0.5
6.6880e-03,0.5
6.6888e-03,0.5
6.6896e-03,0.5
6.6904e-03,0.5
6.6912e-03,0.5
6.6920e-03,0.5
6.6928e-03,0.5
6.6936e-03,0.5
6.6944e-03,0.5
6.6952e-03,0.5
6.6960e-03,0.5
6.6968e-03,0.5
6.6976e-03,0.5
6.6984e-03,0.5
6.6992e-03,0.5
6.7000e-03,0.5
6.7008e-03,0.5
6.7016e-03,0.5
6.7024e-03,0.5
6.7032e-03,0.5
6.7040e-03,0.5
6.7048e-03,0.5
6.7056e-03,0.5
6.7064e-03,0.3
6.7072e-03,0.5
6.7080e-03,0.5
6.7088e-03,0.5
6.7096e-03,0.5
6.7104e-03,0.5
6.7112e-03,0.5
6.7120e-03,0.5
6.7128e-03,0.3
6.7136e-03,0.5
6.7144e-03,0.3
6.7152e-03,0.5
6.7160e-03,0.5
6.7168e-03,0.3
6.7176e-03,0.5
6.7184e-03,0.5
6.7192e-03,0.3
6.7200e-03,0.5
6.7208e-03,0.5
6.7216e-03,0.5
6.7224e-03,0.3
6.7232e-03,0.5
6.7240e-03,0.3
6.7248e-03,0.5
6.7256e-03,0.3
6.7264e-03,0.3
6.7272e-03,0.3
6.7280e-03,0.3
6.7288e-03,0.3
6.7296e-03,0.3
6.7304e-03,0.3
6.7312e-03,0.5
6.7320e-03,0.3
6.7328e-03,0.3
6.7336e-03,0.3
6.7344e-03,0.3
6.7352e-03,0.3
6.7360e-03,0.3
6.7368e-03,0.3
6.7376e-03,0.3
6.7384e-03,0.3
6.7392e-03,0.3
6.7400e-03,0.3
6.7408e-03,0.3
6.7416e-03,0.3
6.7424e-03,0.3
6.7432e-03,0.3
6.7440e-03,0.3
6.7448e-03,0.3
6.7456e-03,0.3
6.7464e-03,0.3
6.7472e-03,0.3
6.7480e-03,0.3
6.7488e-03,0.3
6.7496e-03,0.3
6.7504e-03,0.3
6.7512e-03,0.3
6.7520e-03,0.3
6.7528e-03,0.3
6.7536e-03,0.3
6.7544e-03,0.3
6.7552e-03,0.3
6.7560e-03,0.1
6.7568e-03,0.3
6.7576e-03,0.3
6.7584e-03,0.3
6.7592e-03,0.3
6.7600e-03,0.3
6.7608e-03,0.3
6.7616e-03,0.3
6.7624e-03,0.3
6.7632e-03,0.3
6.7640e-03,0.3
6.7648e-03,0.3
6.7656e-03,0.3
6.7664e-03,0.3
6.7672e-03,0.3
6.7680e-03,0.3
6.7688e-03,0.3
6.7696e-03,0.3
6.7704e-03,0.3
6.7712e-03,0.3
6.7720e-03,0.3
6.7728e-03,0.1
6.7736e-03,0.1
6.7744e-03,0.3
6.7752e-03,0.1
6.7760e-03,0.3
6.7768e-03,0.3
6.7776e-03,0.1
6.7784e-03,0.1
6.7792e-03,0.1
6.7800e-03,0.1
6.7808e-03,0.1
6.7816e-03,0.1
6.7824e-03,0.3
6.7832e-03,0.1
6.7840e-03,0.1
6.7848e-03,0.1
6.7856e-03,0.1
6.7864e-03,0.1
6.7872e-03,0.1
6.7880e-03,0.1
6.7888e-03,0.1
6.7896e-03,0.1
6.7904e-03,0.1
6.7912e-03,0.1
6.7920e-03,0.1
6.7928e-03,0.1
6.7936e-03,0.1
6.7944e-03,0.1
6.7952e-03,0.1
6.7960e-03,0.1
6.7968e-03,0.1
6.7976e-03,0.1
6.7984e-03,0.1
6.7992e-03,0.1
6.8000e-03,0.1
6.8008e-03,0.1
6.8016e-03,0.1
6.8024e-03,0.1
6.8032e-03,0.1
6.8040e-03,0.1
6.8048e-03,0.1
6.8056e-03,0.1
6.8064e-03,0.1
6.8072e-03,0.1
6.8080e-03,0.1
6.8088e-03,0.1
6.8096e-03,0.1
6.8104e-03,0.1
6.8112e-03,0.1
6.8120e-03,0.1
6.8128e-03,0.1
6.8136e-03,0.1
6.8144e-03,0.1
6.8152e-03,0.1
6.8160e-03,0.1
6.8168e-03,0.1
6.8176e-03,0.1
6.8184e-03,0.1
6.8192e-03,0.1
6.8200e-03,0.1
6.8208e-03,0.1
6.8216e-03,0.1
6.8224e-03,0.1
6.8232e-03,0.1
6.8240e-03,0.1
6.8248e-03,0.1
6.8256e-03,0.1
6.8264e-03,0.1
6.8272e-03,0.1
6.8280e-03,0.1
6.8288e-03,0.1
6.8296e-03,-0.1
6.8304e-03,-0.1
6.8312e-03,-0.1
6.8320e-03,0.1
6.8328e-03,0.1
6.8336e-03,-0.1
6.8344e-03,0.1
6.8352e-03,-0.1
6.8360e-03,0.1
6.8368e-03,-0.1
6.8376e-03,0.1
6.8384e-03,-0.1
6.8392e-03,-0.1
6.8400e-03,-0.1
6.8408e-03,-0.1
6.8416e-03,-0.1
6.8424e-03,-0.1
6.8432e-03,-0.1
6.8440e-03,-0.1
6.8448e-03,-0.1
6.8456e-03,-0.1
6.8464e-03,-0.1
6.8472e-03,-0.1
6.8480e-03,-0.1
6.8488e-03,-0.1
6.8496e-03,-0.1
6.8504e-03,-0.1
6.8512e-03,-0.1
6.8520e-03,-0.1
6.8528e-03,-0.1
6.8536e-03,-0.1
6.8544e-03,-0.1
6.8552e-03,-0.1
6.8560e-03,-0.1
6.8568e-03,-0.1
6.8576e-03,-0.1
6.8584e-03,-0.1
6.8592e-03,-0.1
6.8600e-03,-0.1
6.8608e-03,-0.1
6.8616e-03,-0.1
6.8624e-03,-0.1
6.8632e-03,-0.1
6.8640e-03,-0.1
6.8648e-03,-0.1
6.8656e-03,-0.1
6.8664e-03,-0.1
6.8672e-03,-0.1
6.8680e-03,-0.1
6.8688e-03,-0.1
6.8696e-03,-0.1
6.8704e-03,-0.1
6.8712e-03,-0.1
6.8720e-03,-0.1
6.8728e-03,-0.1
6.8736e-03,-0.1
6.8744e-03,-0.3
6.8752e-03,-0.1
6.8760e-03,-0.1
6.8768e-03,-0.1
6.8776e-03,-0.1
6.8784e-03,-0.1
6.8792e-03,-0.1
6.8800e-03,-0.1
6.8808e-03,-0.1
6.8816e-03,-0.1
6.8824e-03,-0.1
6.8832e-03,-0.1
6.8840e-03,-0.1
6.8848e-03,-0.1
6.8856e-03,-0.1
6.8864e-03,-0.1
6.8872e-03,-0.1
6.8880e-03,-0.1
6.8888e-03,-0.1
6.8896e-03,-0.3
6.8904e-03,-0.3
6.8912e-03,-0.3
6.8920e-03,-0.3
6.8928e-03,-0.3
6.8936e-03,-0.3
6.8944e-03,-0.3
6.8952e-03,-0.1
6.8960e-03,-0.3
6.8968e-03,-0.3
6.8976e-03,-0.1
6.8984e-03,-0.1
6.8992e-03,-0.3
6.9000e-03,-0.3
6.9008e-03,-0.3
6.9016e-03,-0.3
6.9024e-03,-0.3
6.9032e-03,-0.3
6.9040e-03,-0.3
6.9048e-03,-0.3
6.9056e-03,-0.3
6.9064e-03,-0.3
6.9072e-03,-0.3
6.9080e-03,-0.3
6.9088e-03,-0.3
6.9096e-03,-0.3
6.9104e-03,-0.3
6.9112e-03,-0.3
6.9120e-03,-0.3
6.9128e-03,-0.3
6.9136e-03,-0.3
6.9144e-03,-0.3
6.9152e-03,-0.3
6.9160e-03,-0.3
6.9168e-03,-0.3
6.9176e-03,-0.3
6.9184e-03,-0.3
6.9192e-03,-0.3
6.9200e-03,-0.3
6.9208e-03,-0.3
6.9216e-03,-0.3
6.9224e-03,-0.3
6.9232e-03,-0.3
6.9240e-03,-0.3
6.9248e-03,-0.3
6.9256e-03,-0.3
6.9264e-03,-0.3
6.9272e-03,-0.3
6.9280e-03,-0.3
6.9288e-03,-0.3
6.9296e-03,-0.3
6.9304e-03,-0.3
6.9312e-03,-0.3
6.9320e-03,-0.3
6.9328e-03,-0.3
6.9336e-03,-0.3
6.9344e-03,-0.3
6.9352e-03,-0.3
6.9360e-03,-0.3
6.9368e-03,-0.3
6.9376e-03,-0.3
6.9384e-03,-0.5
6.9392e-03,-0.3
6.9400e-03,-0.5
6.9408e-03,-0.5
6.9416e-03,-0.5
6.9424e-03,-0.5
6.9432e-03,-0.3
6.9440e-03,-0.5
6.9448e-03,-0.3
6.9456e-03,-0.5
6.9464e-03,-0.5
6.9472e-03,-0.5
6.9480e-03,-0.3
6.9488e-03,-0.3
6.9496e-03,-0.5
6.9504e-03,-0.3
6.9512e-03,-0.3
6.9520e-03,-0.5
6.9528e-03,-0.5
6.9536e-03,-0.5
6.9544e-03,-0.5
6.9552e-03,-0.5
6.9560e-03,-0.5
6.9568e-03,-0.5
6.9576e-03,-0.5
6.9584e-03,-0.5
6.9592e-03,-0.5
6.9600e-03,-0.5
6.9608e-03,-0.5
6.9616e-03,-0.5
6.9624e-03,-0.5
6.9632e-03,-0.5
6.9640e-03,-0.5
6.9648e-03,-0.5
6.9656e-03,-0.5
6.9664e-03,-0.5
6.9672e-03,-0.5
6.9680e-03,-0.5
6.9688e-03,-0.5
6.9696e-03,-0.5
6.9704e-03,-0.5
6.9712e-03,-0.5
6.9720e-03,-0.5
6.9728e-03,-0.5
6.9736e-03,-0.5
6.9744e-03,-0.5
6.9752e-03,-0.5
6.9760e-03,-0.5
6.9768e-03,-0.5
6.9776e-03,-0.5
6.9784e-03,-0.5
6.9792e-03,-0.5
6.9800e-03,-0.5
6.9808e-03,-0.5
6.9816e-03,-0.5
6.9824e-03,-0.5
6.9832e-03,-0.5
6.9840e-03,-0.5
6.9848e-03,-0.5
6.9856e-03,-0.5
6.9864e-03,-0.5
6.9872e-03,-0.5
6.9880e-03,-0.5
6.9888e-03,-0.5
6.9896e-03,-0.5
6.9904e-03,-0.7
6.9912e-03,-0.7
6.9920e-03,-0.7
6.9928e-03,-0.5
6.9936e-03,-0.7
6.9944e-03,-0.5
6.9952e-03,-0.7
6.9960e-03,-0.5
6.9968e-03,-0.5
6.9976e-03,-0.7
6.9984e-03,-0.7
6.9992e-03,-0.7
7.0000e-03,-0.5
7.0008e-03,-0.7
7.0016e-03,-0.7
7.0024e-03,-0.7
7.0032e-03,-0.7
7.0040e-03,-0.7
7.0048e-03,-0.7
7.0056e-03,-0.7
7.0064e-03,-0.7
7.0072e-03,-0.7
7.0080e-03,-0.7
7.0088e-03,-0.7
7.0096e-03,-0.7
7.0104e-03,-0.7
7.0112e-03,-0.7
7.0120e-03,-0.7
7.0128e-03,-0.7
7.0136e-03,-0.7
7.0144e-03,-0.7
7.0152e-03,-0.7
7.0160e-03,-0.7
7.0168e-03,-0.7
7.0176e-03,-0.7
7.0184e-03,-0.7
7.0192e-03,-0.7
7.0200e-03,-0.7
7.0208e-03,-0.7
7.0216e-03,-0.7
7.0224e-03,-0.7
7.0232e-03,-0.7
7.0240e-03,-0.7
7.0248e-03,-0.7
7.0256e-03,-0.7
7.0264e-03,-0.7
7.0272e-03,-0.7
7.0280e-03,-0.7
7.0288e-03,-0.7
7.0296e-03,-0.7
7.0304e-03,-0.7
7.0312e-03,-0.7
7.0320e-03,-0.7
7.0328e-03,-0.7
7.0336e-03,-0.7
7.0344e-03,-0.7
7.0352e-03,-0.7
7.0360e-03,-0.7
7.0368e-03,-0.7
7.0376e-03,-0.7
7.0384e-03,-0.7
7.0392e-03,-0.7
7.0400e-03,-0.9
7.0408e-03,-0.7
7.0416e-03,-0.7
7.0424e-03,-0.7
7.0432e-03,-0.7
7.0440e-03,-0.7
7.0448e-03,-0.9
7.0456e-03,-0.7
7.0464e-03,-0.7
7.0472e-03,-0.7
7.0480e-03,-0.7
7.0488e-03,-0.9
7.0496e-03,-0.9
7.0504e-03,-0.9
7.0512e-03,-0.7
7.0520e-03,-0.7
7.0528e-03,-0.7
7.0536e-03,-0.7
7.0544e-03,-0.7
7.0552e-03,-0.7
7.0560e-03,-0.9
7.0568e-03,-0.9
7.0576e-03,-0.7
7.0584e-03,-0.9
7.0592e-03,-0.7
7.0600e-03,-0.9
7.0608e-03,-0.9
7.0616e-03,-0.9
7.0624e-03,-0.9
7.0632e-03,-0.9
7.0640e-03,-0.9
7.0648e-03,-0.9
7.0656e-03,-0.9
7.0664e-03,-0.9
7.0672e-03,-0.9
7.0680e-03,-0.9
7.0688e-03,-0.9
7.0696e-03,-0.9
7.0704e-03,-0.9
7.0712e-03,-0.9
7.0720e-03,-0.9
7.0728e-03,-0.9
7.0736e-03,-0.9
7.0744e-03,-0.9
7.0752e-03,-0.9
7.0760e-03,-0.9
7.0768e-03,-0.9
7.0776e-03,-0.9
7.0784e-03,-0.9
7.0792e-03,-0.9
7.0800e-03,-0.9
7.0808e-03,-0.9
7.0816e-03,-0.9
7.0824e-03,-0.9
7.0832e-03,-0.9
7.0840e-03,-0.9
7.0848e-03,-0.9
7.0856e-03,-0.9
7.0864e-03,-0.9
7.0872e-03,-0.9
7.0880e-03,-0.9
7.0888e-03,-0.9
7.0896e-03,-0.9
7.0904e-03,-0.9
7.0912e-03,-0.9
7.0920e-03,-0.9
7.0928e-03,-0.9
7.0936e-03,-1.1
7.0944e-03,-0.9
7.0952e-03,-0.9
7.0960e-03,-0.9
7.0968e-03,-0.9
7.0976e-03,-0.9
7.0984e-03,-0.9
7.0992e-03,-0.9
7.1000e-03,-0.9
7.1008e-03,-1.1
7.1016e-03,-0.9
7.1024e-03,-0.9
7.1032e-03,-0.9
7.1040e-03,-0.9
7.1048e-03,-0.9
7.1056e-03,-0.9
7.1064e-03,-1.1
7.1072e-03,-0.9
7.1080e-03,-1.1
7.1088e-03,-1.1
7.1096e-03,-0.9
7.1104e-03,-0.9
7.1112e-03,-0.9
7.1120e-03,-0.9
7.1128e-03,-1.1
7.1136e-03,-1.1
7.1144e-03,-1.1
7.1152e-03,-1.1
7.1160e-03,-1.1
7.1168e-03,-1.1
7.1176e-03,-1.1
7.1184e-03,-1.1
7.1192e-03,-1.1
7.1200e-03,-1.1
7.1208e-03,-1.1
7.1216e-03,-1.1
7.1224e-03,-1.1
7.1232e-03,-1.1
7.1240e-03,-1.1
7.1248e-03,-0.9
7.1256e-03,-1.1
7.1264e-03,-1.1
7.1272e-03,-1.1
7.1280e-03,-1.1
7.1288e-03,-1.1
7.1296e-03,-1.1
7.1304e-03,-1.1
7.1312e-03,-1.1
7.1320e-03,-1.1
7.1328e-03,-1.1
7.1336e-03,-1.1
7.1344e-03,-1.1
7.1352e-03,-1.1
7.1360e-03,-1.1
7.1368e-03,-1.1
7.1376e-03,-1.1
7.1384e-03,-1.1
7.1392e-03,-1.1
7.1400e-03,-1.1
7.1408e-03,-1.1
7.1416e-03,-1.1
7.1424e-03,-1.1
7.1432e-03,-1.1
7.1440e-03,-1.1
7.1448e-03,-1.1
7.1456e-03,-1.1
7.1464e-03,-1.1
7.1472e-03,-1.1
7.1480e-03,-1.1
7.1488e-03,-1.1
7.1496e-03,-1.1
7.1504e-03,-1.1
7.1512e-03,-1.1
7.1520e-03,-1.1
7.1528e-03,-1.1
7.1536e-03,-1.1
7.1544e-03,-1.1
7.1552e-03,-1.1
7.1560e-03,-1.1
7.1568e-03,-1.1
7.1576e-03,-1.1
7.1584e-03,-1.1
7.1592e-03,-1.1
7.1600e-03,-1.1
7.1608e-03,-1.1
7.1616e-03,-1.1
7.1624e-03,-1.1
7.1632e-03,-1.1
7.1640e-03,-1.1
7.1648e-03,-1.1
7.1656e-03,-1.1
7.1664e-03,-1.1
7.1672e-03,-1.1
7.1680e-03,-1.1
7.1688e-03,-1.3
7.1696e-03,-1.3
7.1704e-03,-1.3
7.1712e-03,-1.1
7.1720e-03,-1.3
7.1728e-03,-1.3
7.1736e-03,-1.1
7.1744e-03,-1.3
7.1752e-03,-1.3
7.1760e-03,-1.1
7.1768e-03,-1.3
7.1776e-03,-1.3
7.1784e-03,-1.1
7.1792e-03,-1.3
7.1800e-03,-1.1
7.1808e-03,-1.3
7.1816e-03,-1.3
7.1824e-03,-1.3
7.1832e-03,-1.3
7.1840e-03,-1.3
7.1848e-03,-1.3
7.1856e-03,-1.3
7.1864e-03,-1.3
7.1872e-03,-1.3
7.1880e-03,-1.3
7.1888e-03,-1.3
7.1896e-03,-1.3
7.1904e-03,-1.3
7.1912e-03,-1.3
7.1920e-03,-1.3
7.1928e-03,-1.1
7.1936e-03,-1.3
7.1944e-03,-1.3
7.1952e-03,-1.3
7.1960e-03,-1.3
7.1968e-03,-1.3
7.1976e-03,-1.3
7.1984e-03,-1.3
7.1992e-03,-1.3
7.2000e-03,-1.3
7.2008e-03,-1.3
7.2016e-03,-1.3
7.2024e-03,-1.3
7.2032e-03,-1.3
7.2040e-03,-1.3
7.2048e-03,-1.3
7.2056e-03,-1.3
7.2064e-03,-1.3
7.2072e-03,-1.3
7.2080e-03,-1.3
7.2088e-03,-1.3
7.2096e-03,-1.3
7.2104e-03,-1.3
7.2112e-03,-1.3
7.2120e-03,-1.3
7.2128e-03,-1.3
7.2136e-03,-1.3
7.2144e-03,-1.3
7.2152e-03,-1.3
7.2160e-03,-1.3
7.2168e-03,-1.5
7.2176e-03,-1.3
7.2184e-03,-1.3
7.2192e-03,-1.3
7.2200e-03,-1.3
7.2208e-03,-1.3
7.2216e-03,-1.5
7.2224e-03,-1.3
7.2232e-03,-1.3
7.2240e-03,-1.3
7.2248e-03,-1.3
7.2256e-03,-1.3
7.2264e-03,-1.3
7.2272e-03,-1.3
7.2280e-03,-1.3
7.2288e-03,-1.3
7.2296e-03,-1.3
7.2304e-03,-1.3
7.2312e-03,-1.3
7.2320e-03,-1.3
7.2328e-03,-1.3
7.2336e-03,-1.3
7.2344e-03,-1.3
7.2352e-03,-1.3
7.2360e-03,-1.5
7.2368e-03,-1.3
7.2376e-03,-1.3
7.2384e-03,-1.3
7.2392e-03,-1.3
7.2400e-03,-1.3
7.2408e-03,-1.3
7.2416e-03,-1.3
7.2424e-03,-1.3
7.2432e-03,-1.3
7.2440e-03,-1.5
7.2448e-03,-1.3
7.2456e-03,-1.3
7.2464e-03,-1.3
7.2472e-03,-1.3
7.2480e-03,-1.5
7.2488e-03,-1.5
7.2496e-03,-1.3
7.2504e-03,-1.5
7.2512e-03,-1.5
7.2520e-03,-1.5
7.2528e-03,-1.5
7.2536e-03,-1.5
7.2544e-03,-1.5
7.2552e-03,-1.5
7.2560e-03,-1.5
7.2568e-03,-1.5
7.2576e-03,-1.5
7.2584e-03,-1.5
7.2592e-03,-1.5
7.2600e-03,-1.3
7.2608e-03,-1.5
7.2616e-03,-1.5
7.2624e-03,-1.5
7.2632e-03,-1.5
7.2640e-03,-1.5
7.2648e-03,-1.5
7.2656e-03,-1.5
7.2664e-03,-1.5
7.2672e-03,-1.5
7.2680e-03,-1.5
7.2688e-03,-1.5
7.2696e-03,-1.5
7.2704e-03,-1.5
7.2712e-03,-1.5
7.2720e-03,-1.5
7.2728e-03,-1.5
7.2736e-03,-1.5
7.2744e-03,-1.5
7.2752e-03,-1.5
7.2760e-03,-1.5
7.2768e-03,-1.5
7.2776e-03,-1.5
7.2784e-03,-1.5
7.2792e-03,-1.5
7.2800e-03,-1.5
7.2808e-03,-1.5
7.2816e-03,-1.5
7.2824e-03,-1.5
7.2832e-03,-1.5
7.2840e-03,-1.5
7.2848e-03,-1.5
7.2856e-03,-1.5
7.2864e-03,-1.5
7.2872e-03,-1.5
7.2880e-03,-1.5
7.2888e-03,-1.5
7.2896e-03,-1.5
7.2904e-03,-1.5
7.2912e-03,-1.5
7.2920e-03,-1.5
7.2928e-03,-1.5
7.2936e-03,-1.5
7.2944e-03,-1.5
7.2952e-03,-1.5
7.2960e-03,-1.5
7.2968e-03,-1.5
7.2976e-03,-1.5
7.2984e-03,-1.5
7.2992e-03,-1.5
7.3000e-03,-1.5
7.3008e-03,-1.5
7.3016e-03,-1.5
7.3024e-03,-1.5
7.3032e-03,-1.5
7.3040e-03,-1.5
7.3048e-03,-1.5
7.3056e-03,-1.5
7.3064e-03,-1.5
7.3072e-03,-1.5
7.3080e-03,-1.5
7.3088e-03,-1.5
7.3096e-03,-1.5
7.3104e-03,-1.5
7.3112e-03,-1.5
7.3120e-03,-1.5
7.3128e-03,-1.5
7.3136e-03,-1.5
7.3144e-03,-1.5
7.3152e-03,-1.5
7.3160e-03,-1.5
7.3168e-03,-1.5
7.3176e-03,-1.5
7.3184e-03,-1.5
7.3192e-03,-1.5
7.3200e-03,-1.5
7.3208e-03,-1.5
7.3216e-03,-1.5
7.3224e-03,-1.5
7.3232e-03,-1.5
7.3240e-03,-1.5
7.3248e-03,-1.7
7.3256e-03,-1.7
7.3264e-03,-1.5
7.3272e-03,-1.5
7.3280e-03,-1.5
7.3288e-03,-1.7
7.3296e-03,-1.7
7.3304e-03,-1.5
7.3312e-03,-1.5
7.3320e-03,-1.7
7.3328e-03,-1.7
7.3336e-03,-1.7
7.3344e-03,-1.7
7.3352e-03,-1.7
7.3360e-03,-1.7
7.3368e-03,-1.7
7.3376e-03,-1.7
7.3384e-03,-1.7
7.3392e-03,-1.7
7.3400e-03,-1.7
7.3408e-03,-1.7
7.3416e-03,-1.7
7.3424e-03,-1.7
7.3432e-03,-1.7
7.3440e-03,-1.7
7.3448e-03,-1.5
7.3456e-03,-1.5
7.3464e-03,-1.7
7.3472e-03,-1.7
7.3480e-03,-1.7
7.3488e-03,-1.5
7.3496e-03,-1.7
7.3504e-03,-1.5
7.3512e-03,-1.7
7.3520e-03,-1.5
7.3528e-03,-1.7
7.3536e-03,-1.5
7.3544e-03,-1.7
7.3552e-03,-1.7
7.3560e-03,-1.7
7.3568e-03,-1.7
7.3576e-03,-1.7
7.3584e-03,-1.7
7.3592e-03,-1.7
7.3600e-03,-1.7
7.3608e-03,-1.7
7.3616e-03,-1.7
7.3624e-03,-1.7
7.3632e-03,-1.7
7.3640e-03,-1.7
7.3648e-03,-1.7
7.3656e-03,-1.7
7.3664e-03,-1.7
7.3672e-03,-1.7
7.3680e-03,-1.7
7.3688e-03,-1.7
7.3696e-03,-1.7
7.3704e-03,-1.7
7.3712e-03,-1.7
7.3720e-03,-1.7
7.3728e-03,-1.7
7.3736e-03,-1.7
7.3744e-03,-1.7
7.3752e-03,-1.7
7.3760e-03,-1.7
7.3768e-03,-1.7
7.3776e-03,-1.7
7.3784e-03,-1.7
7.3792e-03,-1.7
7.3800e-03,-1.7
7.3808e-03,-1.7
7.3816e-03,-1.7
7.3824e-03,-1.7
7.3832e-03,-1.7
7.3840e-03,-1.7
7.3848e-03,-1.7
7.3856e-03,-1.7
7.3864e-03,-1.7
7.3872e-03,-1.7
7.3880e-03,-1.7
7.3888e-03,-1.7
7.3896e-03,-1.7
7.3904e-03,-1.7
7.3912e-03,-1.7
7.3920e-03,-1.7
7.3928e-03,-1.7
7.3936e-03,-1.7
7.3944e-03,-1.7
7.3952e-03,-1.7
7.3960e-03,-1.7
7.3968e-03,-1.7
7.3976e-03,-1.7
7.3984e-03,-1.7
7.3992e-03,-1.7
7.4000e-03,-1.7
7.4008e-03,-1.7
7.4016e-03,-1.7
7.4024e-03,-1.9
7.4032e-03,-1.7
7.4040e-03,-1.7
7.4048e-03,-1.7
7.4056e-03,-1.7
7.4064e-03,-1.7
7.4072e-03,-1.7
7.4080e-03,-1.7
7.4088e-03,-1.7
7.4096e-03,-1.7
7.4104e-03,-1.7
7.4112e-03,-1.7
7.4120e-03,-1.7
7.4128e-03,-1.7
7.4136e-03,-1.7
7.4144e-03,-1.7
7.4152e-03,-1.7
7.4160e-03,-1.7
7.4168e-03,-1.7
7.4176e-03,-1.7
7.4184e-03,-1.7
7.4192e-03,-1.7
7.4200e-03,-1.7
7.4208e-03,-1.7
7.4216e-03,-1.7
7.4224e-03,-1.7
7.4232e-03,-1.7
7.4240e-03,-1.7
7.4248e-03,-1.7
7.4256e-03,-1.7
7.4264e-03,-1.7
7.4272e-03,-1.7
7.4280e-03,-1.7
7.4288e-03,-1.7
7.4296e-03,-1.7
7.4304e-03,-1.9
7.4312e-03,-1.9
7.4320e-03,-1.7
7.4328e-03,-1.7
7.4336e-03,-1.7
7.4344e-03,-1.7
7.4352e-03,-1.7
7.4360e-03,-1.7
7.4368e-03,-1.7
7.4376e-03,-1.7
7.4384e-03,-1.9
7.4392e-03,-1.7
7.4400e-03,-1.7
7.4408e-03,-1.7
7.4416e-03,-1.9
7.4424e-03,-1.7
7.4432e-03,-1.9
7.4440e-03,-1.7
7.4448e-03,-1.9
7.4456e-03,-1.9
7.4464e-03,-1.9
7.4472e-03,-1.9
7.4480e-03,-1.9
7.4488e-03,-1.9
7.4496e-03,-1.9
7.4504e-03,-1.9
7.4512e-03,-1.7
7.4520e-03,-1.9
7.4528e-03,-1.9
7.4536e-03,-1.9
7.4544e-03,-1.9
7.4552e-03,-1.7
7.4560e-03,-1.9
7.4568e-03,-1.9
7.4576e-03,-1.9
7.4584e-03,-1.9
7.4592e-03,-1.9
7.4600e-03,-1.9
7.4608e-03,-1.9
7.4616e-03,-1.9
7.4624e-03,-1.9
7.4632e-03,-1.9
7.4640e-03,-1.9
7.4648e-03,-1.9
7.4656e-03,-1.9
7.4664e-03,-1.9
7.4672e-03,-1.9
7.4680e-03,-1.9
7.4688e-03,-1.9
7.4696e-03,-1.9
7.4704e-03,-1.9
7.4712e-03,-1.9
7.4720e-03,-1.7
7.4728e-03,-1.9
7.4736e-03,-1.9
7.4744e-03,-1.9
7.4752e-03,-1.9
7.4760e-03,-1.9
7.4768e-03,-1.7
7.4776e-03,-1.9
7.4784e-03,-1.9
7.4792e-03,-1.9
7.4800e-03,-1.9
7.4808e-03,-1.9
7.4816e-03,-1.9
7.4824e-03,-1.9
7.4832e-03,-1.9
7.4840e-03,-1.7
7.4848e-03,-1.9
7.4856e-03,-1.9
7.4864e-03,-1.9
7.4872e-03,-1.9
7.4880e-03,-1.9
7.4888e-03,-1.9
7.4896e-03,-1.9
7.4904e-03,-1.9
7.4912e-03,-1.9
7.4920e-03,-1.9
7.4928e-03,-1.9
7.4936e-03,-1.9
7.4944e-03,-1.9
7.4952e-03,-1.7
7.4960e-03,-1.9
7.4968e-03,-1.9
7.4976e-03,-1.9
7.4984e-03,-1.9
7.4992e-03,-1.9
7.5000e-03,-1.9
7.5008e-03,-1.9
7.5016e-03,-1.9
7.5024e-03,-1.9
7.5032e-03,-1.9
7.5040e-03,-1.9
7.5048e-03,-1.9
7.5056e-03,-1.9
7.5064e-03,-1.9
7.5072e-03,-1.9
7.5080e-03,-1.9
7.5088e-03,-1.9
7.5096e-03,-1.9
7.5104e-03,-1.9
7.5112e-03,-1.9
7.5120e-03,-1.9
7.5128e-03,-1.9
7.5136e-03,-1.9
7.5144e-03,-1.9
7.5152e-03,-1.9
7.5160e-03,-1.9
7.5168e-03,-1.9
7.5176e-03,-1.9
7.5184e-03,-1.9
7.5192e-03,-1.9
7.5200e-03,-1.9
7.5208e-03,-1.9
7.5216e-03,-1.9
7.5224e-03,-1.9
7.5232e-03,-1.9
7.5240e-03,-1.9
7.5248e-03,-1.9
7.5256e-03,-1.9
7.5264e-03,-1.9
7.5272e-03,-1.9
7.5280e-03,-1.9
7.5288e-03,-1.9
7.5296e-03,-1.9
7.5304e-03,-1.9
7.5312e-03,-1.9
7.5320e-03,-1.9
7.5328e-03,-1.9
7.5336e-03,-1.9
7.5344e-03,-2.1
7.5352e-03,-1.9
7.5360e-03,-1.9
7.5368e-03,-1.9
7.5376e-03,-1.9
7.5384e-03,-1.9
7.5392e-03,-1.9
7.5400e-03,-2.1
7.5408e-03,-1.9
7.5416e-03,-1.9
7.5424e-03,-1.9
7.5432e-03,-1.9
7.5440e-03,-1.9
7.5448e-03,-1.9
7.5456e-03,-1.9
7.5464e-03,-1.9
7.5472e-03,-1.9
7.5480e-03,-1.9
7.5488e-03,-1.9
7.5496e-03,-1.9
7.5504e-03,-1.9
7.5512e-03,-1.9
7.5520e-03,-2.1
7.5528e-03,-1.9
7.5536e-03,-1.9
7.5544e-03,-1.9
7.5552e-03,-2.1
7.5560e-03,-1.9
7.5568e-03,-1.9
7.5576e-03,-1.9
7.5584e-03,-1.9
7.5592e-03,-1.9
7.5600e-03,-1.9
7.5608e-03,-1.9
7.5616e-03,-1.9
7.5624e-03,-1.9
7.5632e-03,-1.9
7.5640e-03,-1.9
7.5648e-03,-1.9
7.5656e-03,-2.1
7.5664e-03,-1.9
7.5672e-03,-2.1
7.5680e-03,-1.9
7.5688e-03,-1.9
7.5696e-03,-1.9
7.5704e-03,-1.9
7.5712e-03,-2.1
7.5720e-03,-2.1
7.5728e-03,-1.9
7.5736e-03,-1.9
7.5744e-03,-1.9
7.5752e-03,-1.9
7.5760e-03,-1.9
7.5768e-03,-2.1
7.5776e-03,-2.1
7.5784e-03,-1.9
7.5792e-03,-1.9
7.5800e-03,-1.9
7.5808e-03,-1.9
7.5816e-03,-1.9
7.5824e-03,-1.9
7.5832e-03,-1.9
7.5840e-03,-1.9
7.5848e-03,-1.9
7.5856e-03,-1.9
7.5864e-03,-1.9
7.5872e-03,-1.9
7.5880e-03,-1.9
7.5888e-03,-2.1
7.5896e-03,-2.1
7.5904e-03,-2.1
7.5912e-03,-2.1
7.5920e-03,-2.1
7.5928e-03,-2.1
7.5936e-03,-2.1
7.5944e-03,-2.1
7.5952e-03,-2.1
7.5960e-03,-2.1
7.5968e-03,-1.9
7.5976e-03,-1.9
7.5984e-03,-1.9
7.5992e-03,-1.9
7.6000e-03,-1.9
7.6008e-03,-1.9
7.6016e-03,-2.1
7.6024e-03,-2.1
7.6032e-03,-2.1
7.6040e-03,-1.9
7.6048e-03,-2.1
7.6056e-03,-1.9
7.6064e-03,-1.9
7.6072e-03,-1.9
7.6080e-03,-1.9
7.6088e-03,-1.9
7.6096e-03,-1.9
7.6104e-03,-1.9
7.6112e-03,-2.1
7.6120e-03,-1.9
7.6128e-03,-2.1
7.6136e-03,-2.1
7.6144e-03,-1.9
7.6152e-03,-1.9
7.6160e-03,-1.9
7.6168e-03,-1.9
7.6176e-03,-1.9
7.6184e-03,-1.9
7.6192e-03,-1.9
7.6200e-03,-1.9
7.6208e-03,-1.9
7.6216e-03,-1.9
7.6224e-03,-2.1
7.6232e-03,-1.9
7.6240e-03,-2.1
7.6248e-03,-1.9
7.6256e-03,-1.9
7.6264e-03,-1.9
7.6272e-03,-1.9
7.6280e-03,-1.9
7.6288e-03,-1.9
7.6296e-03,-1.9
7.6304e-03,-1.9
7.6312e-03,-1.9
7.6320e-03,-1.9
7.6328e-03,-1.9
7.6336e-03,-1.9
7.6344e-03,-1.9
7.6352e-03,-1.9
7.6360e-03,-1.9
7.6368e-03,-1.9
7.6376e-03,-1.9
7.6384e-03,-1.9
7.6392e-03,-1.9
7.6400e-03,-1.9
7.6408e-03,-1.9
7.6416e-03,-1.9
7.6424e-03,-1.9
7.6432e-03,-1.9
7.6440e-03,-1.9
7.6448e-03,-1.9
7.6456e-03,-1.9
7.6464e-03,-1.9
7.6472e-03,-1.9
7.6480e-03,-1.9
7.6488e-03,-1.9
7.6496e-03,-1.9
7.6504e-03,-1.9
7.6512e-03,-1.9
7.6520e-03,-1.9
7.6528e-03,-1.9
7.6536e-03,-1.9
7.6544e-03,-1.9
7.6552e-03,-1.9
7.6560e-03,-1.9
7.6568e-03,-1.9
7.6576e-03,-1.9
7.6584e-03,-1.9
7.6592e-03,-1.9
7.6600e-03,-1.9
7.6608e-03,-1.9
7.6616e-03,-1.9
7.6624e-03,-1.9
7.6632e-03,-1.9
7.6640e-03,-1.9
7.6648e-03,-1.9
7.6656e-03,-1.9
7.6664e-03,-1.9
7.6672e-03,-1.9
7.6680e-03,-1.9
7.6688e-03,-1.9
7.6696e-03,-1.9
7.6704e-03,-1.9
7.6712e-03,-1.9
7.6720e-03,-1.9
7.6728e-03,-1.9
7.6736e-03,-1.9
7.6744e-03,-1.9
7.6752e-03,-1.9
7.6760e-03,-1.9
7.6768e-03,-1.9
7.6776e-03,-1.9
7.6784e-03,-1.9
7.6792e-03,-1.9
7.6800e-03,-1.9
7.6808e-03,-1.9
7.6816e-03,-1.9
7.6824e-03,-1.9
7.6832e-03,-1.9
7.6840e-03,-1.9
7.6848e-03,-1.9
7.6856e-03,-1.9
7.6864e-03,-1.9
7.6872e-03,-1.9
7.6880e-03,-1.9
7.6888e-03,-1.9
7.6896e-03,-1.9
7.6904e-03,-1.9
7.6912e-03,-1.9
7.6920e-03,-1.9
7.6928e-03,-1.9
7.6936e-03,-1.9
7.6944e-03,-1.9
7.6952e-03,-1.9
7.6960e-03,-1.9
7.6968e-03,-1.9
7.6976e-03,-1.9
7.6984e-03,-1.9
7.6992e-03,-1.9
7.7000e-03,-1.9
7.7008e-03,-1.9
7.7016e-03,-1.9
7.7024e-03,-1.9
7.7032e-03,-1.9
7.7040e-03,-1.9
7.7048e-03,-1.9
7.7056e-03,-1.7
7.7064e-03,-1.9
7.7072e-03,-1.7
7.7080e-03,-1.9
7.7088e-03,-1.9
7.7096e-03,-1.7
7.7104e-03,-1.9
7.7112e-03,-1.9
7.7120e-03,-1.9
7.7128e-03,-1.9
7.7136e-03,-1.9
7.7144e-03,-1.9
7.7152e-03,-1.9
7.7160e-03,-1.9
7.7168e-03,-1.7
7.7176e-03,-1.9
7.7184e-03,-1.7
7.7192e-03,-1.7
7.7200e-03,-1.7
7.7208e-03,-1.9
7.7216e-03,-1.7
7.7224e-03,-1.7
7.7232e-03,-1.9
7.7240e-03,-1.9
7.7248e-03,-1.9
7.7256e-03,-1.7
7.7264e-03,-1.7
7.7272e-03,-1.9
7.7280e-03,-1.7
7.7288e-03,-1.7
7.7296e-03,-1.7
7.7304e-03,-1.7
7.7312e-03,-1.9
7.7320e-03,-1.7
7.7328e-03,-1.7
7.7336e-03,-1.7
7.7344e-03,-1.7
7.7352e-03,-1.7
7.7360e-03,-1.7
7.7368e-03,-1.7
7.7376e-03,-1.7
7.7384e-03,-1.7
7.7392e-03,-1.7
7.7400e-03,-1.7
7.7408e-03,-1.7
7.7416e-03,-1.7
7.7424e-03,-1.7
7.7432e-03,-1.7
7.7440e-03,-1.7
7.7448e-03,-1.7
7.7456e-03,-1.7
7.7464e-03,-1.7
7.7472e-03,-1.7
7.7480e-03,-1.7
7.7488e-03,-1.7
7.7496e-03,-1.7
7.7504e-03,-1.7
7.7512e-03,-1.7
7.7520e-03,-1.7
7.7528e-03,-1.7
7.7536e-03,-1.7
7.7544e-03,-1.7
7.7552e-03,-1.7
7.7560e-03,-1.7
7.7568e-03,-1.7
7.7576e-03,-1.7
7.7584e-03,-1.7
7.7592e-03,-1.7
7.7600e-03,-1.7
7.7608e-03,-1.7
7.7616e-03,-1.7
7.7624e-03,-1.7
7.7632e-03,-1.7
7.7640e-03,-1.7
7.7648e-03,-1.7
7.7656e-03,-1.7
7.7664e-03,-1.7
7.7672e-03,-1.7
7.7680e-03,-1.7
7.7688e-03,-1.7
7.7696e-03,-1.7
7.7704e-03,-1.7
7.7712e-03,-1.7
7.7720e-03,-1.7
7.7728e-03,-1.7
7.7736e-03,-1.7
7.7744e-03,-1.7
7.7752e-03,-1.7
7.7760e-03,-1.7
7.7768e-03,-1.7
7.7776e-03,-1.7
7.7784e-03,-1.7
7.7792e-03,-1.7
7.7800e-03,-1.7
7.7808e-03,-1.7
7.7816e-03,-1.7
7.7824e-03,-1.7
7.7832e-03,-1.7
7.7840e-03,-1.7
7.7848e-03,-1.7
7.7856e-03,-1.7
7.7864e-03,-1.7
7.7872e-03,-1.7
7.7880e-03,-1.7
7.7888e-03,-1.7
7.7896e-03,-1.7
7.7904e-03,-1.7
7.7912e-03,-1.7
7.7920e-03,-1.7
7.7928e-03,-1.7
7.7936e-03,-1.7
7.7944e-03,-1.7
7.7952e-03,-1.7
7.7960e-03,-1.5
7.7968e-03,-1.7
7.7976e-03,-1.7
7.7984e-03,-1.7
7.7992e-03,-1.7
7.8000e-03,-1.7
7.8008e-03,-1.7
7.8016e-03,-1.7
7.8024e-03,-1.7
7.8032e-03,-1.7
7.8040e-03,-1.5
7.8048e-03,-1.7
7.8056e-03,-1.7
7.8064e-03,-1.7
7.8072e-03,-1.7
7.8080e-03,-1.5
7.8088e-03,-1.7
7.8096e-03,-1.5
7.8104e-03,-1.7
7.8112e-03,-1.7
7.8120e-03,-1.7
7.8128e-03,-1.7
7.8136e-03,-1.7
7.8144e-03,-1.5
7.8152e-03,-1.7
7.8160e-03,-1.7
7.8168e-03,-1.5
7.8176e-03,-1.5
7.8184e-03,-1.5
7.8192e-03,-1.7
7.8200e-03,-1.5
7.8208e-03,-1.5
7.8216e-03,-1.7
7.8224e-03,-1.5
7.8232e-03,-1.7
7.8240e-03,-1.5
7.8248e-03,-1.5
7.8256e-03,-1.7
7.8264e-03,-1.5
7.8272e-03,-1.5
7.8280e-03,-1.5
7.8288e-03,-1.5
7.8296e-03,-1.5
7.8304e-03,-1.5
7.8312e-03,-1.5
7.8320e-03,-1.5
7.8328e-03,-1.7
7.8336e-03,-1.5
7.8344e-03,-1.5
7.8352e-03,-1.5
7.8360e-03,-1.5
7.8368e-03,-1.5
7.8376e-03,-1.5
7.8384e-03,-1.5
7.8392e-03,-1.5
7.8400e-03,-1.5
7.8408e-03,-1.5
7.8416e-03,-1.5
7.8424e-03,-1.5
7.8432e-03,-1.5
7.8440e-03,-1.5
7.8448e-03,-1.5
7.8456e-03,-1.5
7.8464e-03,-1.5
7.8472e-03,-1.5
7.8480e-03,-1.5
7.8488e-03,-1.5
7.8496e-03,-1.5
7.8504e-03,-1.5
7.8512e-03,-1.5
7.8520e-03,-1.5
7.8528e-03,-1.5
7.8536e-03,-1.5
7.8544e-03,-1.5
7.8552e-03,-1.5
7.8560e-03,-1.5
7.8568e-03,-1.5
7.8576e-03,-1.5
7.8584e-03,-1.5
7.8592e-03,-1.5
7.8600e-03,-1.5
7.8608e-03,-1.5
7.8616e-03,-1.5
7.8624e-03,-1.5
7.8632e-03,-1.5
7.8640e-03,-1.5
7.8648e-03,-1.5
7.8656e-03,-1.5
7.8664e-03,-1.5
7.8672e-03,-1.5
7.8680e-03,-1.5
7.8688e-03,-1.5
7.8696e-03,-1.5
7.8704e-03,-1.5
7.8712e-03,-1.5
7.8720e-03,-1.5
7.8728e-03,-1.5
7.8736e-03,-1.5
7.8744e-03,-1.3
7.8752e-03,-1.5
7.8760e-03,-1.5
7.8768e-03,-1.5
7.8776e-03,-1.3
7.8784e-03,-1.3
7.8792e-03,-1.5
7.8800e-03,-1.5
7.8808e-03,-1.5
7.8816e-03,-1.5
7.8824e-03,-1.5
7.8832e-03,-1.5
7.8840e-03,-1.5
7.8848e-03,-1.5
7.8856e-03,-1.5
7.8864e-03,-1.5
7.8872e-03,-1.5
7.8880e-03,-1.3
7.8888e-03,-1.5
7.8896e-03,-1.5
7.8904e-03,-1.5
7.8912e-03,-1.3
7.8920e-03,-1.3
7.8928e-03,-1.3
7.8936e-03,-1.5
7.8944e-03,-1.5
7.8952e-03,-1.3
7.8960e-03,-1.3
7.8968e-03,-1.5
7.8976e-03,-1.3
7.8984e-03,-1.3
7.8992e-03,-1.3
7.9000e-03,-1.3
7.9008e-03,-1.3
7.9016e-03,-1.3
7.9024e-03,-1.3
7.9032e-03,-1.3
7.9040e-03,-1.3
7.9048e-03,-1.3
7.9056e-03,-1.3
7.9064e-03,-1.3
7.9072e-03,-1.3
7.9080e-03,-1.3
7.9088e-03,-1.3
7.9096e-03,-1.3
7.9104e-03,-1.3
7.9112e-03,-1.3
7.9120e-03,-1.3
7.9128e-03,-1.3
7.9136e-03,-1.3
7.9144e-03,-1.3
7.9152e-03,-1.3
7.9160e-03,-1.3
7.9168e-03,-1.3
7.9176e-03,-1.3
7.9184e-03,-1.3
7.9192e-03,-1.3
7.9200e-03,-1.3
7.9208e-03,-1.3
7.9216e-03,-1.3
7.9224e-03,-1.3
7.9232e-03,-1.3
7.9240e-03,-1.3
7.9248e-03,-1.3
7.9256e-03,-1.3
7.9264e-03,-1.3
7.9272e-03,-1.3
7.9280e-03,-1.3
7.9288e-03,-1.3
7.9296e-03,-1.3
7.9304e-03,-1.3
7.9312e-03,-1.3
7.9320e-03,-1.3
7.9328e-03,-1.3
7.9336e-03,-1.3
7.9344e-03,-1.3
7.9352e-03,-1.3
7.9360e-03,-1.3
7.9368e-03,-1.3
7.9376e-03,-1.3
7.9384e-03,-1.3
7.9392e-03,-1.3
7.9400e-03,-1.1
7.9408e-03,-1.3
7.9416e-03,-1.3
7.9424e-03,-1.3
7.9432e-03,-1.3
7.9440e-03,-1.3
7.9448e-03,-1.3
7.9456e-03,-1.3
7.9464e-03,-1.3
7.9472e-03,-1.3
7.9480e-03,-1.3
7.9488e-03,-1.3
7.9496e-03,-1.3
7.9504e-03,-1.3
7.9512e-03,-1.3
7.9520e-03,-1.1
7.9528e-03,-1.3
7.9536e-03,-1.3
7.9544e-03,-1.3
7.9552e-03,-1.3
7.9560e-03,-1.1
7.9568e-03,-1.1
7.9576e-03,-1.1
7.9584e-03,-1.1
7.9592e-03,-1.3
7.9600e-03,-1.1
7.9608e-03,-1.1
7.9616e-03,-1.1
7.9624e-03,-1.3
7.9632e-03,-1.1
7.9640e-03,-1.1
7.9648e-03,-1.3
7.9656e-03,-1.3
7.9664e-03,-1.1
7.9672e-03,-1.1
7.9680e-03,-1.1
7.9688e-03,-1.1
7.9696e-03,-1.1
7.9704e-03,-1.1
7.9712e-03,-1.1
7.9720e-03,-1.1
7.9728e-03,-1.1
7.9736e-03,-1.1
7.9744e-03,-1.1
7.9752e-03,-1.1
7.9760e-03,-1.1
7.9768e-03,-1.1
7.9776e-03,-1.1
7.9784e-03,-1.1
7.9792e-03,-1.1
7.9800e-03,-1.1
7.9808e-03,-1.1
7.9816e-03,-1.1
7.9824e-03,-1.1
7.9832e-03,-1.1
7.9840e-03,-1.1
7.9848e-03,-1.1
7.9856e-03,-1.1
7.9864e-03,-1.1
7.9872e-03,-1.1
7.9880e-03,-1.1
7.9888e-03,-1.1
7.9896e-03,-1.1
7.9904e-03,-1.1
7.9912e-03,-1.1
7.9920e-03,-1.1
7.9928e-03,-1.1
7.9936e-03,-1.1
7.9944e-03,-1.1
7.9952e-03,-1.1
7.9960e-03,-1.1
7.9968e-03,-1.1
7.9976e-03,-1.1
7.9984e-03,-1.1
7.9992e-03,-1.1

